id	Age	EduLevel	Gender	ReadAb	Q44	Q63	Q76	Q77	Q84	Q98	Q170	Q196
1	20	2	2	3	4	4	4	5	3	4	4	3
2	21	2	2	3	4	5	4	5	4	4	4	5
3	20	2	1	4	4	5	5	5	4	4	5	5
4	-999	2	1	4	4	3	2	3	5	4	4	4
5	21	2	2	3	4	4	5	5	4	5	5	5
6	27	5	1	4	3	4	4	4	4	5	5	5
7	21	2	2	3	4	3	4	5	5	3	5	5
8	-999	2	1	4	4	1	2	2	2	4	4	4
9	22	2	2	3	4	2	4	1	3	5	4	3
10	20	2	2	3	4	5	5	4	2	5	5	4
11	21	2	2	4	3	1	2	4	2	1	2	3
12	21	2	2	4	4	5	5	5	4	5	5	5
15	21	2	1	4	5	5	5	4	4	5	4	4
16	21	2	2	4	2	4	2	4	4	5	4	4
17	21	2	2	4	4	3	4	2	2	4	4	2
19	-999	2	2	2	3	2	4	5	3	4	4	4
20	21	2	2	4	3	4	3	4	3	5	4	3
21	22	2	2	3	2	4	4	4	2	4	4	4
22	21	2	2	4	4	4	5	5	4	5	5	5
23	23	2	2	3	4	2	2	2	2	4	3	3
24	22	2	2	3	3	3	5	5	5	5	5	5
25	-999	2	2	4	4	2	4	1	2	4	4	4
27	21	2	2	4	-999	3	4	5	5	4	4	4
28	23	2	2	4	3	3	4	4	4	4	4	4
29	20	2	2	4	4	4	5	3	4	5	5	4
31	22	-999	2	-999	3	3	5	4	3	4	4	4
32	20	2	2	4	4	5	5	5	1	5	5	5
33	-999	2	2	3	4	2	3	4	3	3	4	4
34	20	2	2	3	2	1	4	1	2	2	4	4
35	21	2	2	4	3	3	4	3	3	3	4	3
36	20	2	2	4	4	5	5	5	5	5	5	5
37	20	2	2	4	5	5	5	2	3	4	5	5
38	21	2	2	4	2	4	4	3	2	4	4	4
39	20	2	1	3	4	5	5	5	4	4	4	4
40	21	2	2	3	4	5	5	5	5	5	5	5
41	22	2	2	4	4	4	4	4	4	4	4	4
42	21	2	2	4	2	3	4	4	4	4	4	5
44	20	5	2	4	3	4	4	4	4	4	4	4
45	24	2	2	4	4	3	3	4	4	4	5	4
46	20	5	2	4	3	3	2	3	2	2	5	2
47	-999	5	2	4	5	5	5	5	4	5	5	5
48	20	5	2	4	3	4	4	4	3	4	4	4
49	23	5	2	3	1	-999	1	2	2	1	3	4
50	21	5	2	4	2	4	4	4	4	4	5	4
52	21	5	2	3	4	3	2	5	3	3	5	5
53	23	5	2	4	2	1	2	5	5	4	5	5
54	20	5	2	4	2	2	2	5	3	5	5	5
55	21	5	2	4	3	3	4	5	4	4	4	4
57	-999	5	2	4	4	4	4	3	2	5	5	5
58	23	5	1	4	3	2	3	5	4	4	5	5
59	23	5	2	3	5	1	2	2	2	5	5	5
60	21	5	2	3	3	4	3	3	2	4	4	4
63	22	5	2	4	4	2	4	5	2	4	5	5
65	21	5	2	4	2	2	4	2	3	4	5	3
66	20	5	2	3	4	4	5	5	4	5	5	5
67	22	5	2	4	3	2	2	2	2	2	4	3
68	20	5	2	4	4	5	4	5	2	5	2	4
69	20	5	2	4	3	5	4	5	4	5	5	5
70	21	5	2	4	4	4	4	4	3	4	5	4
71	21	5	2	4	3	2	4	4	3	5	5	4
73	22	5	2	4	1	5	2	1	1	5	2	3
74	21	5	2	3	3	1	2	4	2	1	4	4
75	22	5	1	4	2	4	4	4	4	5	4	5
76	20	5	2	4	5	5	5	5	5	5	5	5
77	20	5	2	3	4	4	5	4	4	4	4	4
78	22	5	2	4	3	4	4	4	4	4	5	4
79	24	2	1	4	4	5	3	4	3	4	4	5
80	-999	2	1	3	4	4	2	1	4	4	1	2
81	-999	2	2	3	2	2	2	4	2	3	3	4
82	-999	2	1	4	4	4	3	3	4	4	3	3
83	-999	3	2	3	3	2	2	5	3	4	5	4
84	-999	2	2	4	3	5	3	3	2	4	4	3
85	-999	3	1	4	4	3	4	3	2	4	4	4
87	-999	2	2	4	2	2	2	4	2	4	4	4
89	-999	2	2	4	3	2	4	2	3	5	2	4
90	-999	2	2	4	2	2	4	4	4	4	4	4
91	-999	2	1	3	3	3	3	4	3	3	4	4
92	-999	3	2	4	3	3	4	4	4	4	5	4
93	-999	3	1	4	3	3	3	4	5	4	5	4
94	-999	2	2	3	4	3	4	1	5	3	3	2
96	-999	1	1	3	4	2	4	3	3	4	4	4
98	-999	3	1	4	3	3	4	4	3	4	3	4
99	-999	3	2	4	4	3	4	3	3	4	4	3
100	-999	2	2	3	5	3	2	3	3	5	5	5
101	-999	2	2	4	4	4	4	2	2	4	4	3
102	-999	2	1	3	3	2	2	3	4	4	3	4
103	-999	2	1	3	2	4	4	2	4	4	4	4
104	-999	3	2	3	4	4	2	2	4	4	4	4
105	-999	2	2	3	3	3	4	4	3	4	4	4
106	-999	2	2	4	3	4	3	4	3	4	4	4
108	-999	2	1	3	3	3	3	3	3	4	4	3
110	-999	3	2	3	3	3	4	3	4	5	5	4
111	-999	2	2	4	3	5	2	5	4	5	5	5
112	-999	5	2	4	5	4	4	4	2	4	4	4
114	-999	2	1	3	4	2	1	3	2	4	2	2
115	-999	2	1	4	3	4	2	3	3	4	4	4
116	-999	2	2	4	4	4	2	4	2	4	5	4
117	-999	2	2	3	5	2	1	4	3	4	5	5
118	-999	2	2	4	2	2	3	5	2	3	5	5
119	-999	5	2	3	2	2	2	3	2	3	4	3
120	-999	2	1	4	4	3	4	5	4	4	4	5
121	-999	2	1	4	3	3	3	4	5	4	5	4
123	-999	2	2	4	4	4	2	4	2	4	4	4
125	-999	2	2	3	4	4	2	4	3	4	2	2
127	-999	2	2	4	3	2	2	1	2	2	3	4
129	-999	2	1	3	4	4	4	2	2	4	4	4
130	-999	3	2	3	4	5	2	5	4	5	4	4
131	-999	3	2	3	2	2	2	3	3	3	4	4
132	-999	2	2	3	4	1	2	2	1	3	4	3
133	-999	2	2	4	5	5	5	5	4	5	5	5
134	-999	2	2	3	3	4	2	4	4	4	4	3
135	-999	2	1	3	1	2	5	4	3	4	3	4
136	-999	2	1	4	3	3	2	3	2	4	3	4
137	-999	2	2	4	3	4	4	2	4	4	2	4
138	-999	5	2	3	4	2	2	4	2	4	2	4
139	-999	2	2	3	3	4	3	4	3	4	4	4
140	-999	2	1	4	4	5	2	3	5	5	4	-999
141	-999	2	2	3	4	4	2	4	3	4	5	4
142	-999	3	2	3	3	3	3	3	2	3	4	3
143	-999	3	2	4	4	5	3	4	3	5	5	3
144	-999	5	2	3	3	4	2	5	3	4	4	4
145	-999	2	1	3	3	4	4	5	3	4	5	4
147	-999	2	2	3	2	3	2	2	2	4	5	4
148	-999	2	2	3	4	3	3	3	4	4	4	4
149	-999	5	2	4	2	2	2	3	4	4	4	4
151	-999	2	2	3	3	3	4	3	1	3	5	3
152	-999	3	2	3	4	4	4	4	4	4	2	4
153	-999	3	1	3	5	3	2	2	3	5	3	4
154	-999	2	2	4	3	3	4	4	3	3	5	3
155	-999	2	1	3	3	4	4	4	3	3	5	4
156	-999	2	2	4	3	4	4	3	3	4	4	4
158	-999	2	1	3	4	4	4	5	4	4	5	5
160	-999	2	1	4	3	5	4	5	3	4	5	5
161	-999	3	2	3	3	4	3	4	4	4	3	3
162	-999	3	2	3	3	4	2	3	3	3	4	3
164	-999	3	2	3	4	4	5	4	4	5	4	5
165	-999	5	2	4	3	3	3	2	2	4	4	4
166	-999	9	2	3	4	4	4	4	4	4	4	-999
167	-999	3	1	4	2	1	1	4	2	5	4	4
168	-999	2	2	3	2	4	4	4	2	5	5	5
169	-999	2	1	4	3	5	2	4	4	5	5	4
171	-999	5	2	3	2	2	4	2	2	2	5	4
173	-999	5	2	3	3	4	2	4	4	4	3	4
174	-999	3	2	3	2	3	2	3	2	3	4	3
175	-999	2	1	4	4	4	4	4	4	4	3	4
176	-999	2	1	3	3	4	4	4	4	3	5	4
177	-999	3	2	3	2	5	2	4	5	5	5	5
178	-999	2	2	4	3	4	2	4	3	4	5	4
179	-999	2	1	3	4	5	4	3	4	4	3	3
183	-999	2	1	3	3	3	4	4	4	4	4	4
184	-999	3	2	3	5	3	1	4	1	3	5	4
186	-999	2	1	4	3	3	3	4	2	2	4	4
187	-999	2	2	4	3	3	1	3	1	3	4	-999
188	-999	3	1	3	5	3	4	4	3	4	4	4
189	-999	3	2	4	5	5	1	4	5	5	5	5
190	-999	2	2	3	2	2	4	5	4	3	5	4
191	-999	2	2	3	5	5	5	5	5	5	5	5
192	-999	2	2	3	2	2	2	4	2	4	2	2
193	-999	2	2	3	3	4	2	4	4	5	4	4
195	-999	5	2	4	4	4	4	4	4	4	4	4
196	-999	2	2	4	3	4	4	4	4	4	5	4
197	-999	2	2	4	3	3	3	4	4	4	4	4
198	-999	3	2	3	2	2	2	2	2	5	4	4
199	-999	3	2	3	4	4	4	3	3	4	5	4
200	-999	2	1	4	4	4	4	4	3	4	4	4
201	-999	2	1	4	2	4	2	4	4	4	4	4
202	-999	2	2	3	3	4	4	4	4	4	5	4
203	-999	2	2	4	2	5	2	5	5	5	-999	5
205	-999	2	1	3	2	4	4	5	4	4	4	4
206	-999	2	2	4	4	2	1	4	1	5	5	3
207	-999	2	1	4	2	2	3	4	4	4	4	4
208	-999	3	2	3	2	3	2	4	2	4	3	4
210	-999	2	2	4	3	3	3	4	2	4	4	3
213	-999	2	1	3	4	5	5	5	5	4	5	5
214	-999	3	2	3	3	4	2	2	2	3	2	3
216	-999	3	2	3	4	5	4	5	4	4	4	4
217	-999	3	2	4	4	3	4	4	3	4	4	4
218	-999	3	2	4	3	4	3	4	4	4	4	4
220	-999	2	2	3	2	4	5	2	2	4	3	3
221	-999	2	2	3	3	3	3	3	3	4	4	3
222	-999	2	2	4	2	3	3	4	3	3	4	3
223	-999	3	1	4	3	3	2	4	3	4	3	3
224	-999	5	2	3	4	5	5	4	3	4	4	3
225	-999	3	2	3	4	4	4	4	4	4	4	4
226	-999	5	1	3	3	4	4	3	3	4	4	4
227	-999	3	2	3	3	4	4	3	3	5	5	4
228	-999	3	2	3	4	3	1	2	3	4	5	3
229	-999	2	2	3	4	3	4	3	4	4	4	4
230	-999	2	1	4	4	4	2	4	4	4	5	4
231	-999	2	1	4	3	5	2	4	3	5	4	4
232	-999	2	1	3	3	2	2	4	3	3	4	4
233	-999	2	2	4	3	5	2	4	4	4	5	5
234	-999	2	2	4	4	4	4	4	4	4	4	4
235	-999	3	2	4	2	5	1	1	1	1	4	3
236	-999	3	2	3	4	4	2	3	3	5	4	4
238	-999	2	2	3	2	2	4	4	2	4	4	4
239	-999	2	2	4	4	4	3	4	1	5	5	5
240	-999	2	2	3	3	2	2	2	2	4	4	4
241	-999	2	2	3	-999	2	2	2	2	4	4	3
242	-999	3	2	3	4	3	3	5	4	4	4	4
243	-999	2	2	4	3	2	2	1	1	3	4	2
244	-999	2	2	4	4	4	4	4	4	4	4	4
245	-999	2	2	4	4	4	2	4	2	4	4	4
246	-999	2	2	3	3	3	2	3	2	3	5	4
247	-999	2	2	3	4	4	4	2	2	5	4	4
248	-999	2	2	4	3	3	2	3	2	3	5	3
251	-999	3	1	4	5	5	2	4	3	5	5	4
252	-999	2	2	4	5	5	4	5	1	5	5	5
253	-999	5	2	4	4	4	4	4	2	5	5	4
254	-999	2	2	4	3	4	4	2	2	4	3	3
255	-999	5	2	4	3	3	2	4	3	4	5	4
256	-999	2	2	4	4	5	2	4	4	4	2	4
257	-999	2	2	4	3	5	2	5	4	3	4	4
259	-999	3	2	4	3	5	4	2	2	4	4	2
260	-999	2	1	4	4	4	4	5	4	4	4	4
261	-999	3	2	3	4	4	4	4	4	4	4	4
263	-999	3	2	4	2	2	1	2	2	3	4	3
264	-999	3	2	3	4	4	4	4	4	4	4	4
265	-999	5	2	4	4	4	5	4	4	4	5	4
266	-999	2	2	3	5	5	2	3	2	3	4	5
269	-999	5	2	3	3	3	3	3	3	4	4	4
270	-999	3	1	4	3	5	2	3	3	4	4	4
271	-999	5	2	4	5	2	2	2	3	4	4	3
272	-999	2	2	4	2	2	2	4	2	5	4	4
273	-999	3	2	3	3	2	2	3	3	3	4	4
274	-999	2	2	4	4	4	5	4	4	5	4	4
275	-999	3	2	3	4	4	4	4	4	4	4	4
276	-999	3	2	3	4	4	2	2	2	4	3	3
279	-999	5	2	4	3	1	4	5	3	4	5	5
281	-999	2	2	3	3	4	2	4	4	4	4	4
282	-999	3	1	3	2	3	1	2	2	3	4	4
284	-999	3	2	3	2	4	5	4	4	4	2	4
285	-999	2	2	3	2	2	2	4	4	5	5	4
287	-999	5	2	3	4	2	2	4	4	4	4	4
288	-999	2	2	3	3	4	4	4	3	4	5	4
290	-999	2	2	3	3	4	3	3	3	3	3	3
291	-999	2	2	4	1	2	2	2	2	3	4	3
293	-999	2	1	3	5	5	2	2	2	4	1	2
294	-999	1	1	3	2	4	4	5	5	5	5	5
295	46	1	1	3	4	5	4	1	3	3	4	3
296	-999	2	1	4	2	3	1	4	3	4	3	3
297	-999	2	1	4	4	5	4	4	3	4	4	5
298	-999	9	1	4	5	5	3	4	2	3	5	-999
299	-999	2	1	3	1	2	2	1	1	2	4	5
300	43	1	1	3	5	5	4	3	4	1	5	3
301	-999	2	1	3	5	5	3	4	4	5	4	5
302	40	9	1	3	3	4	4	4	3	4	3	4
304	-999	2	1	4	5	5	5	5	5	5	5	5
306	25	1	1	4	4	4	3	4	3	4	3	4
307	-999	-999	1	3	4	4	4	2	2	4	4	4
309	-999	2	1	4	2	2	5	5	5	4	3	3
310	53	2	1	3	4	2	4	2	4	4	2	4
313	33	3	1	3	1	5	1	5	4	4	5	5
314	-999	2	1	4	3	5	4	4	3	5	5	4
315	-999	2	1	3	5	5	4	4	5	5	5	5
316	12	4	1	4	4	2	3	2	1	2	2	2
317	33	2	1	3	2	2	1	4	3	4	5	5
318	38	2	1	4	4	4	4	4	2	4	2	4
319	44	2	1	4	4	5	3	4	3	4	4	4
320	-999	1	1	2	2	4	2	4	1	5	2	4
321	-999	2	1	3	4	4	2	3	4	4	4	3
322	-999	2	1	3	5	5	3	1	4	4	4	4
323	-999	1	1	3	2	2	2	3	3	3	4	3
325	-999	9	1	3	3	2	3	3	3	4	2	4
326	-999	2	1	3	4	5	3	5	5	-999	5	5
327	41	2	1	3	1	5	1	2	4	5	1	4
329	30	3	1	3	4	2	2	2	2	4	2	2
331	-999	2	1	3	3	3	4	2	4	4	4	4
332	-999	1	1	3	2	2	2	4	2	4	2	4
333	44	1	1	1	4	5	4	5	5	5	4	5
334	-999	2	1	3	4	4	5	4	2	4	4	5
335	-999	2	1	3	4	5	1	5	2	4	5	5
336	-999	2	1	2	3	1	1	3	3	4	2	4
340	-999	9	1	4	2	2	2	2	4	4	2	2
341	-999	2	1	3	2	3	4	4	3	3	2	3
343	-999	2	1	4	3	2	1	1	2	4	1	1
344	-999	1	1	3	4	5	2	5	4	5	4	5
345	31	3	1	3	2	5	2	5	5	5	5	5
346	48	2	1	3	3	3	3	4	3	4	4	3
347	-999	2	1	3	4	5	2	3	2	5	5	3
348	36	2	1	3	2	2	5	-999	1	2	2	2
349	-999	-999	1	3	3	3	2	4	4	4	4	4
351	35	3	1	3	2	5	1	5	4	5	4	4
354	-999	1	1	3	3	3	3	3	5	4	3	3
356	-999	3	1	4	3	3	2	3	3	4	3	3
357	30	2	1	3	3	4	2	2	2	4	3	3
359	-999	2	1	3	3	3	2	2	3	4	3	3
361	-999	1	1	3	2	2	2	4	2	2	4	4
362	31	2	1	3	3	2	4	4	3	3	5	4
363	29	1	1	3	3	5	1	5	5	5	5	4
364	-999	4	1	4	2	4	2	5	5	5	5	5
365	38	1	1	3	3	4	2	3	2	3	4	3
366	40	2	1	3	2	3	4	5	4	4	4	4
368	34	2	1	3	2	4	2	4	2	2	2	3
370	-999	2	1	3	3	4	4	2	1	4	4	4
371	41	2	1	3	1	1	2	3	2	2	3	3
372	47	2	1	3	4	3	4	3	4	3	4	4
374	34	4	1	4	3	3	4	4	4	4	4	4
375	41	-999	1	4	3	4	5	4	4	4	5	4
376	-999	1	1	3	2	4	2	3	1	4	2	3
377	-999	2	1	3	4	5	5	4	4	4	5	5
378	-999	1	1	2	3	4	1	3	2	3	4	3
379	34	2	1	3	4	4	2	4	4	4	4	4
382	44	1	1	3	3	2	2	3	2	4	4	3
383	43	2	1	3	3	4	3	4	4	4	-999	3
384	48	3	1	4	5	4	-999	3	3	5	2	3
385	37	1	1	3	3	4	5	4	5	4	3	5
386	38	4	1	4	2	2	1	4	4	4	2	3
387	-999	2	1	3	4	4	2	2	2	4	4	4
388	-999	-999	1	3	2	2	4	2	4	4	2	4
390	23	6	1	4	3	4	3	4	4	3	4	4
391	39	-999	2	4	2	2	2	3	2	4	4	4
392	23	6	1	4	4	5	5	5	3	5	5	4
393	-999	3	1	3	5	5	4	3	3	3	3	3
394	-999	2	1	4	4	3	2	4	4	5	3	4
395	-999	2	1	3	5	2	2	2	4	5	2	2
396	-999	2	2	4	2	2	2	2	2	3	4	2
398	44	2	1	3	2	1	5	2	2	5	4	3
399	-999	2	1	4	5	5	5	4	4	4	5	5
401	34	1	1	3	4	3	1	2	2	4	2	3
402	-999	2	1	4	4	5	4	4	4	4	4	4
403	-999	1	1	3	4	3	2	3	3	4	2	3
404	28	-999	1	4	3	4	2	5	5	4	1	4
407	-999	2	1	3	4	2	4	4	4	4	4	2
408	29	9	1	4	3	3	5	4	3	5	3	5
409	31	3	1	4	4	4	4	5	3	4	4	4
411	-999	2	1	3	4	5	5	5	5	4	5	5
413	-999	3	1	4	5	5	5	5	5	5	5	5
414	28	5	1	4	2	4	2	1	2	3	3	3
415	33	2	1	4	2	4	4	4	4	4	4	4
416	-999	2	1	4	3	3	4	3	3	4	3	3
418	-999	1	1	3	3	4	4	4	4	4	4	4
419	35	2	1	4	5	4	5	4	4	4	4	4
420	25	2	2	4	3	3	5	3	3	4	4	4
421	29	-999	2	3	3	5	3	4	4	5	1	5
422	49	2	1	4	3	4	4	4	3	4	4	5
423	-999	3	2	4	5	4	5	1	2	5	5	4
424	-999	3	2	4	1	3	1	4	3	5	5	5
425	32	3	2	3	3	1	1	-999	2	2	5	3
426	-999	4	2	4	4	4	4	4	3	4	4	4
427	24	5	2	4	3	4	2	4	3	5	5	4
428	-999	4	2	4	3	2	2	3	3	1	3	4
430	-999	2	2	4	5	5	5	2	2	5	5	4
431	38	2	2	4	4	5	4	5	4	5	5	5
432	27	6	1	3	2	4	3	4	4	5	5	5
435	38	6	2	4	3	3	3	3	3	4	4	4
436	29	6	2	4	3	3	3	4	3	5	4	4
437	-999	-999	1	4	3	4	3	4	5	4	3	4
438	-999	2	2	3	3	4	4	5	2	4	5	4
439	-999	2	2	3	3	4	5	4	3	3	5	-999
445	-999	2	1	3	4	4	4	2	2	4	4	3
446	29	2	1	3	4	2	2	4	4	4	3	4
448	53	2	1	3	4	1	4	2	3	4	2	3
449	-999	2	1	3	5	2	2	2	2	4	1	4
451	-999	2	1	4	4	4	4	4	5	5	5	5
452	-999	9	1	4	5	4	5	4	5	5	5	5
453	-999	9	1	3	2	5	1	1	1	1	2	5
454	39	2	1	3	3	4	4	4	4	4	4	4
455	-999	2	2	4	4	5	5	3	2	4	4	4
458	-999	-999	1	4	4	4	4	3	4	4	4	3
459	-999	2	2	3	3	5	3	5	5	3	5	5
460	-999	2	2	3	3	4	2	4	4	4	4	4
461	-999	2	2	4	4	5	5	2	2	5	3	3
462	-999	3	2	3	4	5	2	4	4	4	4	5
463	32	4	1	4	4	5	5	5	4	1	2	4
464	23	5	1	4	4	4	4	5	4	5	5	5
465	-999	2	2	3	3	4	3	3	2	2	3	3
466	-999	9	2	4	5	5	5	4	4	5	4	5
469	-999	4	2	4	2	4	2	5	4	4	5	5
470	-999	4	2	4	5	4	4	4	4	4	5	4
473	-999	2	1	3	4	4	2	5	4	4	4	5
474	-999	2	1	3	4	4	4	2	3	4	3	4
475	35	2	1	4	4	4	5	5	3	4	2	4
476	-999	2	1	3	4	4	3	3	3	3	3	3
479	-999	2	1	3	4	3	4	2	3	4	4	3
481	41	3	1	3	5	5	5	3	4	5	3	4
482	-999	2	2	4	5	5	5	4	3	5	5	5
483	-999	4	2	4	3	4	3	3	4	4	4	3
484	40	2	2	4	3	3	2	3	4	4	5	4
486	31	3	2	4	4	5	3	3	3	4	5	3
487	-999	9	1	3	5	4	5	4	3	5	5	5
489	-999	9	1	3	3	2	2	3	2	3	3	3
492	-999	2	1	4	2	4	2	4	4	4	4	4
495	37	2	1	3	3	3	4	3	3	4	5	3
496	-999	2	1	3	5	5	4	5	5	4	3	4
497	-999	2	2	3	2	1	2	5	3	3	4	4
498	-999	2	2	4	4	4	4	4	4	4	4	5
499	-999	3	1	4	3	5	1	5	3	5	5	4
500	-999	2	1	-999	5	5	5	3	3	5	3	5
502	-999	2	2	4	5	5	4	2	5	5	5	5
503	33	9	-999	4	2	3	3	3	2	3	2	3
504	36	2	2	4	2	4	5	5	3	4	4	4
506	-999	1	1	3	4	4	2	2	2	2	4	4
507	-999	9	1	3	2	4	2	4	4	4	2	4
508	24	3	2	4	5	5	5	4	3	5	5	5
510	-999	5	1	4	3	3	4	4	-999	4	3	4
511	28	3	1	4	2	3	2	4	3	3	4	3
514	-999	5	2	4	3	3	5	4	3	4	4	4
515	-999	2	2	3	2	3	2	2	2	5	3	3
517	-999	2	2	3	4	5	3	4	3	4	4	4
518	-999	3	2	3	3	4	4	4	2	5	3	4
519	-999	1	2	3	4	5	5	5	2	5	4	5
520	-999	3	2	4	4	4	4	3	3	4	3	4
522	-999	4	2	3	3	4	2	3	3	2	3	3
525	-999	2	2	4	3	5	1	4	5	5	5	4
527	54	2	1	4	4	2	2	5	4	2	3	4
529	-999	1	1	3	3	3	3	3	2	3	3	3
530	-999	2	1	3	5	4	5	4	3	4	4	4
531	48	2	1	3	4	4	4	4	4	4	4	4
532	40	3	1	3	1	3	2	2	4	5	3	2
533	-999	1	2	3	3	4	3	3	3	4	5	4
535	-999	2	1	3	1	1	2	4	4	3	5	3
537	-999	2	1	4	3	4	4	4	5	4	4	5
538	-999	2	1	3	4	4	2	2	1	2	2	3
539	-999	3	2	4	5	5	5	5	5	5	5	5
540	-999	2	2	3	2	4	2	2	2	4	4	4
542	31	-999	-999	4	3	3	2	3	4	-999	4	3
544	-999	2	2	4	4	5	5	4	3	5	5	4
545	-999	5	2	4	3	2	2	4	3	3	4	4
546	37	2	2	4	5	5	4	4	4	5	5	1
547	37	5	2	3	3	3	3	2	3	4	3	4
549	-999	-999	-999	-999	5	5	5	4	5	5	5	4
552	41	4	2	4	4	4	5	5	4	4	4	4
553	-999	3	2	3	2	4	4	4	3	4	4	3
555	44	2	2	3	5	3	5	4	4	5	4	4
556	27	2	1	3	4	4	5	5	3	4	5	5
558	32	4	2	4	3	3	2	4	4	3	4	4
559	-999	2	2	4	4	5	4	3	3	4	4	4
560	41	-999	-999	-999	4	5	4	3	3	4	4	4
561	39	5	1	4	4	5	4	4	3	4	5	5
562	-999	3	1	4	3	4	3	3	4	4	4	4
564	34	2	1	3	3	4	4	4	3	4	4	4
565	55	1	1	3	4	2	3	3	2	3	3	3
566	31	4	1	4	1	4	4	1	2	4	4	3
567	30	2	1	4	3	5	4	5	2	3	5	4
568	29	4	2	4	4	3	2	5	4	4	4	4
571	36	7	2	4	3	3	3	3	3	5	5	4
572	-999	-999	-999	-999	5	2	3	3	5	4	3	-999
573	28	7	2	4	4	4	4	4	3	4	5	4
575	-999	2	2	4	5	3	3	4	2	4	4	4
577	29	-999	1	4	3	5	3	4	5	5	4	4
578	-999	2	2	4	4	5	5	2	4	4	5	2
579	-999	1	1	3	3	3	2	3	4	2	4	4
581	-999	4	1	3	4	3	3	3	4	4	4	3
582	35	4	2	4	4	4	4	3	3	4	5	5
583	25	4	2	4	-999	4	4	2	4	3	5	3
584	28	2	2	4	3	4	4	3	3	4	3	3
585	32	4	2	4	5	5	5	4	4	5	5	5
586	57	2	2	4	3	3	5	3	3	4	3	4
587	30	4	1	4	3	4	3	4	4	5	5	4
588	29	-999	1	4	4	4	4	2	4	4	4	3
590	-999	2	1	4	3	3	3	5	3	4	5	4
592	-999	2	1	4	3	4	-999	-999	4	4	4	4
593	-999	2	2	4	3	4	4	4	3	4	4	4
594	29	2	2	4	3	3	4	3	3	3	5	3
595	42	3	2	3	4	5	5	5	4	4	5	5
597	29	2	2	3	3	5	2	4	4	3	4	4
598	26	2	2	3	2	4	4	4	4	5	5	4
600	-999	2	2	4	4	3	1	4	4	4	-999	4
602	31	6	2	4	1	3	2	2	1	4	4	4
603	55	6	2	4	3	5	3	4	3	4	4	4
604	28	2	1	1	1	1	5	5	5	3	4	5
605	-999	4	2	4	3	4	2	2	2	3	5	4
606	-999	-999	-999	-999	3	3	3	3	2	3	5	4
607	45	2	2	3	2	3	2	2	-999	3	1	3
609	-999	-999	-999	-999	5	4	4	5	5	4	4	3
610	-999	4	2	3	3	4	2	2	1	3	4	3
612	40	4	2	4	4	4	4	3	3	4	4	-999
613	27	2	2	3	3	3	3	3	3	3	4	4
616	32	5	1	4	3	3	4	4	3	4	4	4
618	22	2	1	4	4	4	4	5	4	3	3	4
620	21	2	1	3	4	5	4	4	3	4	4	4
622	27	2	2	4	3	4	3	3	1	4	5	4
623	32	2	2	4	3	5	4	5	3	5	5	5
624	27	4	2	4	3	4	5	3	-999	5	1	4
625	39	2	2	4	4	5	4	5	5	5	5	5
626	-999	2	2	4	4	5	4	2	2	4	4	3
627	22	-999	1	4	3	4	4	5	4	5	5	5
628	25	2	2	4	4	5	5	4	5	5	5	4
629	-999	6	2	-999	3	3	3	4	3	4	-999	4
630	25	4	2	4	4	3	5	4	3	4	5	4
632	32	4	2	3	3	4	4	3	4	4	4	3
633	-999	5	2	4	4	4	5	3	3	4	5	5
634	-999	4	2	4	4	4	3	4	2	4	4	4
635	27	-999	2	4	4	3	4	4	4	4	5	5
637	-999	2	2	-999	4	5	5	4	4	5	5	5
638	25	2	2	4	4	4	5	5	5	5	5	4
640	25	3	1	4	4	3	5	4	3	3	3	3
641	28	-999	2	4	4	4	1	4	2	4	5	4
643	-999	-999	-999	-999	3	4	4	3	4	4	4	1
644	49	5	2	4	3	2	3	3	3	4	5	4
647	38	6	2	3	3	3	2	3	3	4	3	3
649	42	5	1	4	3	4	2	2	3	4	4	3
650	43	5	2	4	1	3	3	3	2	3	3	4
651	39	6	1	4	3	3	2	4	4	4	5	4
652	-999	4	2	4	3	4	4	2	3	3	3	2
653	39	3	1	4	4	4	4	4	4	4	5	5
654	-999	5	1	3	3	3	3	3	2	4	3	-999
655	-999	5	2	3	3	-999	2	3	2	3	4	4
656	35	2	2	4	3	4	2	-999	3	4	4	4
657	45	5	2	4	3	4	5	3	3	4	3	2
658	33	3	1	4	5	4	3	4	4	5	3	3
659	73	7	2	4	4	5	2	2	2	5	5	-999
660	-999	4	2	4	2	4	2	3	3	4	4	3
661	23	5	2	3	3	2	2	2	1	3	4	4
665	49	2	1	3	5	5	5	4	3	5	5	5
666	-999	-999	1	4	1	3	1	1	1	1	5	1
668	26	4	1	4	5	5	5	5	5	4	5	5
669	21	2	2	4	4	4	2	4	3	4	5	4
670	51	2	2	3	4	3	3	3	3	4	4	4
671	-999	3	2	4	4	5	5	4	5	5	5	5
672	40	2	1	3	4	4	3	3	2	4	3	3
674	-999	2	1	3	3	3	3	4	3	4	4	3
675	21	4	2	4	4	4	4	4	3	4	4	4
676	19	2	1	3	4	1	2	2	4	4	2	2
677	-999	2	2	4	3	4	3	4	3	3	2	3
678	19	2	1	4	3	3	4	3	3	4	3	3
679	28	3	2	3	4	5	2	5	-999	5	5	3
680	36	6	2	3	3	4	3	4	3	4	4	3
681	40	4	2	3	4	4	4	4	4	5	5	5
682	27	2	2	4	4	5	4	4	4	4	5	4
683	34	4	1	4	3	4	2	3	3	4	4	3
684	-999	2	2	3	4	1	4	4	4	5	5	5
685	32	6	2	3	3	3	4	4	4	4	4	4
686	21	2	1	-999	3	3	4	5	2	3	4	4
687	27	-999	2	3	5	5	5	5	3	5	5	5
688	-999	3	1	4	2	1	3	2	2	3	3	5
689	45	2	1	4	4	5	4	4	3	4	4	4
690	39	2	1	3	4	4	4	4	4	4	4	4
691	-999	-999	-999	-999	2	4	5	3	2	5	1	4
692	19	2	2	4	4	4	4	4	3	4	1	4
693	20	2	2	3	3	5	4	4	3	4	5	4
694	24	2	2	4	5	3	4	5	5	5	5	5
695	-999	2	2	3	5	5	5	5	5	5	5	5
698	-999	2	2	4	3	5	3	-999	3	4	3	4
702	24	6	2	4	3	4	4	4	4	5	4	4
703	-999	2	2	3	3	4	4	4	4	4	3	4
704	20	2	2	3	3	3	4	3	3	3	3	4
705	24	-999	2	4	4	4	4	4	3	5	4	4
707	19	2	2	3	4	5	5	5	4	5	4	4
709	21	2	2	4	5	5	5	5	5	1	2	2
710	20	2	2	3	3	4	2	3	2	4	4	3
711	-999	5	2	4	3	5	4	3	3	4	4	3
712	-999	3	2	4	3	5	3	4	3	4	5	5
714	30	2	2	4	3	4	1	4	5	4	4	4
715	24	4	2	3	3	3	4	5	3	4	4	3
716	29	4	1	4	4	4	3	4	4	3	3	4
717	-999	6	2	4	3	4	4	4	4	4	4	4
718	-999	3	2	4	4	2	1	2	1	4	-999	2
720	37	3	1	3	4	4	5	4	2	4	4	4
721	45	2	1	3	2	4	4	4	4	4	3	4
722	56	3	1	3	1	4	3	4	4	4	4	4
723	41	2	1	3	4	4	2	4	4	4	5	5
724	41	2	1	-999	3	4	4	4	3	4	4	4
725	-999	-999	1	4	3	4	4	4	2	4	2	4
727	46	2	1	4	3	2	5	4	4	3	5	4
728	32	-999	2	4	3	2	2	4	5	4	4	3
729	21	5	2	4	2	1	3	4	4	4	2	2
730	25	6	2	4	2	2	4	2	2	3	4	3
731	51	7	2	3	3	3	2	3	3	3	4	3
732	-999	7	1	4	3	2	2	4	4	4	4	4
733	40	3	1	4	1	2	1	3	3	4	2	3
734	51	6	2	3	3	4	4	4	3	4	4	3
735	-999	2	2	3	3	2	4	3	2	3	3	3
736	24	5	2	4	2	2	2	2	2	2	3	2
737	30	6	1	4	4	2	3	5	3	3	5	4
738	28	8	1	4	4	4	4	5	5	4	4	4
739	30	6	1	3	3	3	4	4	3	3	4	3
740	60	2	1	4	2	2	2	3	2	3	4	3
741	26	2	1	4	2	2	2	3	2	3	4	3
742	53	2	2	4	3	5	3	3	2	3	2	2
744	28	2	2	4	2	2	4	5	4	3	5	3
745	48	3	1	3	4	5	5	5	3	5	5	5
746	-999	2	-999	4	3	5	4	5	4	5	4	5
747	24	5	2	4	4	5	5	5	5	5	5	5
748	22	5	2	4	4	4	4	4	3	5	4	4
749	22	5	2	4	4	5	5	5	4	5	5	5
750	29	7	2	4	3	2	2	4	2	2	4	4
751	42	3	2	3	3	4	4	3	3	3	5	4
753	-999	7	1	4	3	3	3	3	4	5	4	4
755	21	5	1	3	5	3	3	4	3	3	4	4
757	-999	3	2	4	4	5	4	4	3	4	5	4
758	37	4	1	4	5	5	5	5	5	5	4	5
759	51	4	1	4	3	3	4	4	3	3	2	3
760	42	6	2	3	3	4	2	3	3	4	4	4
761	22	5	2	3	3	2	2	2	2	3	3	3
764	27	6	2	4	4	3	4	3	4	4	4	3
765	38	4	2	4	3	4	4	4	4	4	4	4
766	28	6	2	4	4	3	4	2	4	4	5	5
767	24	5	2	4	4	4	5	4	3	4	4	4
768	24	3	1	4	4	4	5	5	5	5	5	5
769	-999	2	2	3	3	3	3	3	2	2	2	3
770	33	4	2	4	3	5	4	3	3	3	4	3
772	51	4	2	3	4	4	4	3	3	4	4	3
774	53	3	1	3	4	4	3	3	4	4	4	4
775	22	5	2	4	3	1	5	3	4	5	5	5
776	24	6	1	4	3	4	5	5	5	5	5	4
777	24	5	2	4	3	3	3	5	3	5	5	4
778	53	4	1	4	4	3	2	4	4	4	5	4
779	52	4	2	4	4	4	4	2	2	4	4	4
781	32	2	2	4	4	4	5	3	4	4	3	3
782	46	2	2	4	4	5	4	4	4	4	4	4
783	-999	4	2	4	2	4	5	5	5	5	3	5
784	21	5	2	4	4	4	3	3	2	4	3	3
785	38	6	2	4	5	4	4	5	3	5	4	4
786	32	-999	-999	1	3	4	4	4	5	4	5	4
787	27	6	2	4	4	5	4	4	3	4	5	4
790	57	4	2	3	3	4	2	3	3	3	3	2
791	21	5	1	4	2	1	1	2	2	1	2	2
794	21	5	2	4	4	4	4	2	2	4	4	3
795	55	2	2	4	5	5	3	2	2	5	4	3
796	36	6	1	4	3	3	3	3	3	3	3	3
797	24	5	2	4	3	4	4	3	3	4	4	4
799	30	5	2	4	3	4	4	4	4	3	5	4
801	27	2	1	4	3	2	3	2	2	4	3	3
802	31	3	1	3	4	5	4	5	5	4	5	5
803	47	4	2	3	2	3	1	2	2	2	2	3
804	54	2	2	3	2	2	2	2	4	4	2	4
806	42	3	2	4	4	5	3	1	1	5	5	-999
808	25	5	1	3	3	5	4	4	4	5	5	4
809	20	2	2	4	4	2	4	2	3	3	4	3
810	19	2	2	4	4	2	4	5	2	4	5	4
811	21	5	2	4	3	1	1	3	1	2	3	4
812	28	4	1	4	4	4	2	4	4	4	5	4
813	22	4	1	3	4	5	1	4	2	4	4	4
814	21	2	2	4	4	5	4	4	4	5	5	4
815	24	5	2	4	3	3	3	5	3	5	5	4
816	42	5	2	3	4	2	4	2	-999	2	4	4
817	21	2	2	4	4	4	4	3	4	4	5	4
818	-999	2	2	4	4	2	4	4	4	1	3	4
819	22	2	2	4	3	3	3	4	5	5	5	4
820	55	7	1	4	4	3	3	2	3	4	4	4
821	44	2	2	3	2	4	1	3	2	3	4	3
822	19	-999	2	4	2	2	2	4	3	3	4	4
824	-999	5	1	4	4	5	5	5	5	5	5	5
826	26	5	2	4	4	5	4	5	5	5	5	5
828	23	5	2	4	4	5	4	5	5	5	5	5
829	24	5	1	-999	3	4	3	4	3	4	5	4
830	-999	4	1	3	3	4	3	4	3	4	5	4
831	21	-999	2	3	3	4	2	3	3	4	5	4
832	24	3	2	3	2	4	4	3	2	4	3	4
834	21	5	2	4	3	4	5	5	5	5	5	5
835	-999	3	2	4	3	4	3	2	4	4	3	2
836	22	5	2	4	3	4	4	3	5	4	4	3
837	22	5	2	4	3	4	4	5	4	5	4	4
839	23	2	2	4	3	5	2	2	3	4	4	3
840	-999	3	1	3	2	3	3	3	2	3	3	3
841	26	3	2	4	3	3	1	5	3	1	1	4
842	52	2	2	4	2	5	2	3	3	5	5	4
843	-999	5	1	4	3	3	4	4	3	4	4	3
845	21	4	2	3	4	3	4	4	3	4	4	3
847	28	2	1	4	4	4	3	5	4	4	4	4
848	24	4	2	3	4	4	3	5	4	4	4	4
849	44	2	1	3	4	3	2	2	2	3	4	4
850	22	5	2	4	3	3	4	4	3	4	5	3
851	39	-999	2	4	3	3	5	5	5	3	5	1
852	26	4	2	4	4	2	2	4	4	4	5	5
856	51	6	1	4	3	5	4	4	5	4	4	4
857	51	6	2	4	4	5	2	2	4	5	5	4
859	48	7	2	4	3	1	2	2	3	4	4	4
860	-999	2	-999	4	3	4	2	4	3	4	5	3
861	-999	9	1	4	4	2	3	5	4	4	5	5
863	21	6	2	4	3	4	4	4	4	4	4	4
864	23	5	2	4	5	5	4	3	2	4	4	3
865	21	5	2	4	2	5	3	4	3	4	4	4
866	23	4	2	3	1	2	2	3	4	2	3	2
867	19	2	2	3	3	1	3	4	3	2	3	2
868	21	4	2	4	3	1	3	3	3	3	3	2
869	20	2	2	4	5	4	5	4	3	4	4	4
871	19	2	2	4	5	3	5	5	5	4	3	5
872	26	3	2	4	3	5	3	4	3	4	3	4
873	35	2	2	4	4	5	5	5	5	5	4	5
874	49	2	1	3	3	4	3	3	3	3	4	4
875	40	2	1	4	4	4	4	4	4	4	4	4
876	39	2	2	4	3	4	4	4	3	4	4	4
877	36	2	2	-999	3	4	3	4	4	3	1	4
878	63	2	2	4	3	3	3	4	4	4	3	4
880	43	2	2	3	3	4	3	3	2	3	5	5
881	48	4	2	3	3	3	2	4	3	3	4	4
882	35	2	2	4	4	3	5	2	1	4	5	4
883	49	6	1	4	2	4	2	4	3	3	4	3
884	48	-999	2	4	4	5	3	2	4	4	4	3
885	43	9	2	4	5	5	4	5	3	5	-999	5
886	37	-999	1	4	2	5	1	5	1	3	3	4
888	38	2	2	4	2	4	3	3	2	3	5	4
889	-999	3	1	4	4	4	5	5	3	5	5	4
890	19	2	1	3	3	5	5	5	4	5	5	5
891	42	2	1	3	3	5	1	5	1	3	3	2
892	19	9	1	3	3	4	4	4	3	3	4	4
894	22	3	1	4	4	2	2	2	3	3	2	3
895	29	4	1	4	5	5	5	5	3	4	5	5
897	31	3	1	3	4	4	4	4	4	4	5	4
900	49	2	1	3	3	4	4	5	2	2	4	4
902	32	2	2	4	3	1	2	2	3	3	3	2
903	26	3	1	3	3	3	3	2	2	3	4	3
904	-999	2	1	4	4	5	4	5	5	5	5	4
906	32	4	1	3	2	3	5	2	3	3	4	4
907	39	2	1	4	4	4	3	4	3	4	4	4
908	57	3	1	4	3	5	3	4	3	4	5	4
909	51	4	2	4	2	2	2	2	2	3	3	2
910	28	5	2	4	3	4	4	3	4	4	4	4
911	-999	2	2	4	5	5	3	4	4	4	3	3
912	-999	-999	2	4	3	2	3	4	2	4	2	2
914	30	3	2	3	3	3	3	3	3	3	3	3
915	53	2	1	4	3	3	4	4	3	4	4	4
916	-999	3	1	4	4	5	5	4	4	5	5	5
919	-999	2	1	4	3	4	4	3	3	2	4	4
920	23	6	1	4	3	2	2	4	2	3	4	3
921	28	6	2	4	3	5	3	3	3	4	3	3
922	56	4	2	4	4	4	4	4	4	4	4	3
923	-999	7	2	4	4	4	4	4	4	5	4	4
926	49	-999	2	3	3	4	3	4	3	3	4	4
928	38	4	2	4	4	5	4	3	3	4	4	3
930	31	2	1	3	2	2	1	1	2	2	2	2
931	27	2	2	4	3	4	3	4	2	3	4	4
933	34	1	1	4	3	5	5	5	5	5	3	5
935	35	9	1	4	4	4	2	4	3	4	5	4
936	22	2	2	3	4	2	4	3	3	2	4	4
937	-999	2	2	3	4	5	4	4	5	5	3	4
940	39	-999	1	3	4	4	5	4	4	4	4	4
941	40	2	1	3	4	5	3	3	3	5	4	4
942	34	2	1	3	3	5	5	4	4	4	3	4
944	-999	-999	1	3	2	2	2	4	4	3	4	4
945	-999	-999	-999	-999	4	4	3	3	4	4	4	2
946	23	6	2	4	3	3	3	2	3	4	3	3
948	-999	2	1	4	4	4	4	5	5	4	5	5
950	-999	-999	-999	-999	5	3	5	5	3	4	4	-999
951	53	5	1	4	3	3	2	5	4	2	4	4
952	-999	-999	-999	-999	4	5	5	4	1	4	3	4
954	53	2	1	3	2	4	3	2	3	2	1	4
955	-999	3	2	4	3	4	4	3	2	4	5	3
956	36	2	1	3	3	4	2	2	2	4	4	3
957	45	2	1	3	3	4	2	2	3	4	2	3
960	19	2	2	3	4	3	4	5	4	4	5	4
963	22	2	1	3	3	2	3	4	4	3	4	4
964	20	2	2	4	4	2	4	2	1	2	4	3
965	20	-999	1	4	3	4	3	5	3	3	5	5
967	18	2	2	4	2	2	3	5	4	5	5	4
968	24	6	2	4	4	2	4	2	4	4	3	3
969	24	6	1	3	4	2	2	4	5	4	5	5
970	-999	5	2	4	3	2	2	4	4	4	4	4
971	43	-999	2	3	5	2	4	5	3	4	5	5
972	45	2	1	4	4	5	5	3	4	4	3	2
973	19	3	2	3	4	4	5	5	5	5	5	5
974	18	2	1	4	3	3	4	5	2	4	4	4
975	-999	-999	-999	-999	5	2	4	1	3	3	5	5
977	33	5	2	3	3	3	3	3	2	3	3	5
978	-999	4	2	3	4	4	3	5	3	1	5	5
979	-999	2	1	4	2	1	5	2	5	5	4	2
980	19	2	2	4	2	5	1	4	2	2	3	3
981	18	2	1	4	2	3	5	5	5	5	4	4
982	19	2	1	4	1	4	5	4	3	3	3	4
983	21	2	2	4	3	4	2	4	3	3	4	4
984	23	3	2	4	3	5	1	5	3	3	5	5
985	18	2	2	4	4	4	4	4	3	4	4	4
986	46	5	1	3	4	5	4	4	3	4	4	4
987	44	5	-999	4	3	3	2	3	2	3	3	4
988	18	2	2	4	5	5	4	5	4	5	5	5
991	15	9	1	3	4	3	4	3	3	3	3	3
992	19	2	2	4	5	5	3	3	5	3	5	3
994	18	2	2	3	4	4	4	4	4	4	4	4
995	19	2	1	4	4	5	4	4	5	4	4	5
996	18	2	2	4	3	4	5	4	4	3	4	4
997	20	2	2	3	4	2	4	3	2	4	4	3
999	23	9	2	3	4	5	-999	3	5	4	4	3
1001	-999	-999	-999	-999	5	4	5	4	3	4	4	4
1002	26	2	2	4	3	4	3	4	3	4	4	4
1003	27	4	2	4	3	3	5	1	1	4	5	3
1004	21	2	2	4	3	2	3	4	3	2	4	3
1005	21	2	2	4	3	3	3	4	3	4	4	4
1006	21	2	2	3	3	4	4	5	2	4	4	4
1007	21	2	2	3	4	5	5	5	4	5	4	3
1009	27	2	2	3	2	4	4	2	2	2	4	4
1013	23	3	1	4	1	2	4	5	4	5	4	4
1014	18	1	1	3	4	4	5	2	3	4	2	2
1015	20	2	2	3	5	3	4	5	5	3	5	5
1016	30	2	2	4	3	3	2	4	1	4	5	4
1017	-999	2	2	4	3	4	5	5	4	4	5	5
1018	-999	2	2	4	4	4	3	4	4	4	5	5
1019	-999	2	2	4	3	4	5	5	2	4	5	5
1020	28	2	2	4	1	1	2	4	4	4	5	4
1021	23	3	2	3	3	2	1	3	4	5	4	4
1022	22	2	2	4	5	4	2	5	5	4	4	4
1023	49	-999	2	3	3	4	3	2	2	5	2	1
1024	24	3	2	4	3	3	1	4	4	4	5	5
1026	-999	2	1	3	5	5	5	5	5	5	5	5
1029	22	2	1	3	4	2	2	4	4	3	2	2
1030	30	2	1	4	4	5	5	5	4	4	1	5
1033	21	2	1	3	4	5	4	5	5	4	5	4
1034	35	2	1	3	2	2	3	3	3	3	3	5
1035	22	2	1	3	4	5	4	4	3	4	3	4
1036	34	-999	2	3	4	4	4	2	4	4	4	4
1037	26	2	1	3	3	3	5	3	4	4	2	2
1038	68	2	1	2	1	5	-999	2	5	4	4	3
1039	-999	2	2	3	4	5	1	5	3	4	3	4
1040	25	2	1	3	4	2	2	3	4	4	4	2
1041	24	2	1	3	3	3	3	2	2	3	5	4
1043	23	5	2	3	3	4	4	3	2	3	4	3
1044	22	5	1	4	4	4	4	4	4	4	5	4
1045	-999	3	2	4	3	4	3	2	2	4	2	1
1046	24	3	2	3	3	4	4	4	3	4	5	4
1047	32	-999	2	3	4	5	2	2	4	4	4	4
1051	22	2	2	4	4	5	3	5	4	5	5	5
1052	25	2	2	3	5	4	4	3	1	4	3	1
1054	23	2	2	4	3	4	1	4	4	4	4	5
1055	26	2	1	4	1	5	5	5	3	5	5	5
1056	19	2	2	4	4	3	3	3	3	5	3	3
1057	46	2	2	3	3	4	2	2	3	4	2	4
1060	39	1	2	3	3	2	2	2	2	4	2	4
1062	20	2	2	3	3	3	4	4	5	3	5	3
1064	26	2	1	3	3	4	5	4	3	4	5	4
1065	30	2	1	3	4	1	4	4	5	4	4	4
1066	24	2	1	3	3	2	4	4	5	4	2	3
1067	24	2	1	3	3	3	4	5	3	4	4	4
1068	45	2	2	4	4	2	4	4	4	4	4	4
1070	37	2	1	3	3	3	2	3	2	4	4	3
1071	32	-999	1	4	4	5	5	5	5	5	5	5
1072	38	2	2	3	4	3	4	4	3	4	2	4
1073	23	3	1	4	4	5	5	5	5	5	5	5
1074	26	2	2	3	5	3	2	4	4	4	5	3
1075	21	2	2	4	4	1	4	2	1	4	4	2
1076	-999	4	2	3	4	4	4	5	5	4	2	4
1079	31	6	1	4	3	3	4	3	3	4	5	3
1080	26	5	1	4	4	4	5	4	4	5	4	4
1081	22	2	1	4	5	1	4	2	4	4	5	4
1082	21	2	2	3	3	2	4	5	3	4	4	4
1083	20	2	2	4	3	5	5	5	4	5	5	5
1084	19	2	2	4	3	5	4	2	2	4	5	4
1085	22	5	2	3	5	5	3	1	3	4	5	4
1086	23	6	2	3	4	5	4	4	4	4	5	5
1088	22	6	2	4	4	4	5	5	4	5	5	5
1089	-999	-999	2	2	3	3	4	4	4	5	4	4
1090	22	2	2	4	4	4	5	5	4	5	5	5
1091	22	2	2	4	4	4	4	5	4	4	4	4
1092	22	2	1	4	5	5	4	4	4	5	4	5
1093	23	6	2	1	4	5	4	4	4	4	4	4
1095	32	3	2	4	3	3	2	1	1	2	3	3
1096	23	6	2	4	3	5	3	1	3	4	2	2
1097	32	5	2	3	3	4	4	5	4	3	5	4
1100	26	6	1	4	2	4	4	3	2	3	3	3
1102	25	6	1	4	4	4	3	4	2	4	2	3
1103	28	5	2	4	4	2	4	5	4	4	5	4
1104	28	5	2	4	3	1	2	1	2	3	3	3
1105	27	6	1	3	4	5	4	5	4	3	3	4
1106	25	6	1	4	4	3	2	4	4	4	4	4
1107	25	6	1	4	2	2	3	4	2	4	4	4
1108	25	5	2	4	2	2	2	3	4	2	3	3
1109	23	5	1	4	4	4	4	3	2	4	4	3
1114	26	5	1	3	3	3	3	4	3	4	4	4
1115	28	7	1	4	3	2	5	5	4	4	5	3
1116	26	5	1	4	3	3	3	4	3	4	3	4
1117	25	6	1	4	3	2	3	3	2	4	5	5
1118	26	5	1	3	4	4	4	4	3	5	5	3
1119	26	5	1	4	3	4	3	3	3	4	3	4
1120	29	5	1	4	3	4	3	2	3	3	4	2
1123	26	6	1	4	4	4	4	4	2	-999	4	4
1124	25	6	1	4	2	2	2	3	4	2	4	5
1126	23	7	1	4	3	4	2	4	4	3	3	4
1127	25	6	1	4	3	4	5	5	3	4	4	4
1128	23	6	2	3	3	2	3	2	2	4	3	3
1129	22	5	2	4	4	3	2	3	3	5	4	4
1130	24	5	2	4	4	3	3	3	2	3	5	4
1131	30	5	2	4	3	4	4	3	3	4	5	4
1132	21	5	1	4	4	5	5	4	4	4	4	4
1133	29	5	2	4	3	4	2	4	3	4	5	4
1134	25	5	1	4	3	4	4	4	2	3	3	3
1135	26	5	2	4	3	3	3	2	4	3	3	2
1136	21	5	2	4	3	2	4	4	4	4	5	3
1137	27	5	1	3	3	4	4	3	4	4	4	3
1138	-999	6	1	4	2	3	2	2	3	2	2	3
1139	25	5	1	4	4	4	3	2	3	4	4	4
1140	26	6	1	4	3	3	3	2	1	3	4	3
1141	25	5	2	4	2	4	5	4	4	4	1	4
1142	23	5	1	4	3	3	4	5	4	4	5	4
1143	23	5	1	4	5	4	3	5	5	5	5	5
1144	25	5	1	3	3	4	4	3	2	4	4	4
1145	25	5	1	1	3	1	5	1	5	3	3	4
1147	22	6	2	4	1	3	2	3	3	3	4	3
1148	-999	2	1	4	4	4	2	4	4	3	3	4
1149	56	4	2	4	5	3	2	1	1	4	3	1
1150	25	5	1	4	3	4	4	5	4	4	4	4
1151	23	7	1	3	4	5	4	5	3	4	5	5
1152	24	6	2	4	4	4	4	4	3	4	5	4
1153	22	6	1	4	2	2	2	4	3	2	5	4
1154	23	6	1	4	4	4	5	5	5	5	5	5
1155	24	7	1	4	3	3	3	3	3	4	3	4
1156	24	5	1	4	4	5	3	4	2	4	5	5
1157	23	5	1	4	5	4	3	3	3	5	5	4
1158	22	6	1	4	3	4	4	4	2	4	5	4
1159	-999	5	1	4	4	4	4	4	3	3	4	3
1160	22	5	1	4	3	2	1	4	3	3	3	3
1161	26	7	2	4	5	3	2	3	3	4	3	3
1162	24	5	1	4	2	4	2	2	4	4	3	3
1163	25	6	2	4	4	4	4	4	2	4	4	4
1164	27	6	2	3	3	4	5	4	2	3	2	4
1165	24	6	1	4	3	4	3	2	2	3	4	4
1166	23	6	2	-999	4	4	4	4	4	5	5	5
1167	24	5	2	4	2	3	3	3	5	3	4	2
1168	23	6	2	4	2	5	3	2	3	3	3	3
1169	24	5	2	4	4	5	5	5	3	5	5	5
1171	24	6	1	4	2	2	2	3	2	1	4	4
1172	26	6	2	4	4	3	2	2	2	3	2	1
1174	24	5	1	4	3	3	3	4	3	3	3	4
1175	23	6	1	4	1	3	1	4	1	1	4	4
1176	23	4	2	4	3	5	4	5	4	4	5	4
1177	23	5	1	4	4	5	5	4	4	5	4	3
1178	23	5	1	4	1	2	3	3	3	5	3	1
1180	24	6	1	4	4	3	4	4	5	5	5	5
1182	24	6	1	3	3	3	3	4	3	3	3	4
1183	29	6	1	3	3	3	4	2	1	1	2	3
1184	23	5	2	4	5	2	3	5	5	5	5	5
1186	23	6	2	4	3	3	2	4	3	4	4	4
1187	25	6	1	3	3	3	4	4	4	4	4	4
1188	26	6	1	4	3	3	3	3	4	3	4	4
1189	25	6	2	4	4	3	4	4	4	4	4	4
1190	23	6	2	4	4	5	5	5	4	4	5	5
1192	26	5	1	4	3	2	3	3	3	1	5	4
1193	24	5	1	4	3	2	3	4	3	4	4	5
1194	22	6	2	4	4	2	4	2	2	4	4	2
1195	22	6	2	4	3	4	3	2	1	4	4	3
1196	61	7	1	4	2	4	2	5	5	5	4	4
1197	40	6	2	4	3	2	4	3	4	5	5	3
1198	43	3	2	4	3	3	3	2	3	3	3	3
1199	36	-999	1	4	3	3	4	4	4	5	3	4
1201	47	4	2	4	4	4	3	2	3	4	3	3
1202	31	3	2	4	4	3	4	2	3	2	4	3
1203	68	1	2	4	4	5	4	5	5	5	4	5
1205	-999	4	1	4	5	3	4	4	3	3	2	3
1206	28	5	2	4	3	5	4	4	4	5	5	4
1207	50	2	1	3	4	4	3	2	2	3	2	2
1208	25	4	2	4	3	4	2	5	5	5	3	5
1209	35	6	1	4	3	4	3	3	4	4	4	4
1210	40	5	2	4	3	2	2	1	1	2	1	1
1211	38	-999	1	4	4	5	4	4	4	5	4	4
1212	44	3	1	3	3	4	4	4	3	4	2	3
1213	57	2	1	3	3	3	4	2	2	4	3	4
1214	39	5	1	4	2	4	3	4	3	4	4	4
1215	61	4	2	4	3	4	2	5	4	3	5	4
1216	28	3	1	3	1	4	2	3	3	4	3	4
1217	35	3	1	3	3	4	2	3	3	4	4	4
1218	33	5	1	4	2	3	4	3	3	4	2	2
1219	37	4	1	3	3	4	1	5	4	4	5	5
1221	29	4	1	3	5	4	3	2	3	5	3	3
1223	-999	-999	-999	-999	3	4	4	3	3	4	2	3
1224	25	6	2	4	3	3	5	5	3	5	1	-999
1225	31	2	1	3	4	4	2	4	4	4	4	4
1227	-999	3	2	3	3	3	1	5	5	2	3	4
1228	-999	3	1	4	4	4	5	4	3	4	4	5
1229	31	3	1	4	3	2	1	4	5	4	4	4
1230	33	2	2	4	3	2	1	1	2	3	3	2
1231	23	2	1	4	3	4	4	5	4	4	4	4
1232	36	4	1	4	2	5	3	3	2	4	4	4
1233	28	9	2	3	4	5	3	4	3	5	4	4
1235	39	4	1	4	3	5	1	5	-999	5	4	5
1236	46	3	1	4	3	5	4	4	4	4	5	5
1238	40	4	1	3	3	3	4	2	2	4	3	2
1239	36	4	1	3	3	5	4	3	1	4	5	3
1240	32	3	2	4	4	3	3	1	1	3	3	1
1242	39	4	2	4	4	4	2	3	2	3	5	4
1243	24	6	2	4	4	5	5	5	4	5	4	4
1244	26	-999	2	4	3	5	5	5	4	5	5	5
1245	26	2	2	3	3	5	4	5	4	5	5	5
1247	36	7	1	4	5	5	1	1	2	5	5	4
1248	24	6	1	4	3	5	5	5	5	5	5	5
1249	-999	-999	2	4	5	5	5	5	4	5	4	4
1250	49	5	2	3	4	4	4	4	4	4	5	5
1251	20	2	2	4	4	2	3	2	1	3	4	3
1252	29	2	2	3	4	5	4	4	3	4	5	5
1255	45	4	2	3	3	4	4	3	4	4	5	4
1256	26	4	2	4	4	4	5	3	3	4	5	4
1257	24	6	1	3	4	4	2	5	3	4	5	4
1259	28	4	1	3	4	2	5	3	4	3	4	5
1260	23	2	2	3	2	1	5	2	2	5	5	1
1263	45	5	1	4	4	3	4	3	3	4	3	3
1264	24	5	1	4	3	4	5	5	4	5	4	5
1266	-999	4	2	3	3	5	5	2	2	5	5	3
1267	37	6	2	4	4	3	5	3	3	4	3	3
1268	44	4	2	4	4	5	4	5	4	5	5	5
1269	39	4	2	4	4	2	2	4	3	4	4	4
1270	36	6	1	1	3	3	2	4	5	4	3	3
1271	63	2	2	3	3	4	4	2	3	4	2	4
1273	41	4	1	4	3	4	5	2	4	5	5	3
1274	30	3	2	3	4	3	3	1	2	3	3	2
1275	-999	3	2	4	3	4	4	5	4	4	4	4
1276	29	3	1	3	4	3	2	4	3	1	3	3
1277	37	6	2	4	3	4	3	3	5	4	3	3
1278	45	2	2	2	2	5	5	2	1	3	4	4
1279	39	5	1	3	3	2	2	2	2	3	2	2
1280	36	6	2	4	3	2	2	3	3	5	4	3
1281	46	6	2	4	3	3	3	3	2	3	3	4
1282	45	4	1	4	4	2	3	1	1	1	4	3
1284	33	2	2	4	3	5	5	5	5	4	5	4
1285	50	6	1	3	3	3	2	2	2	4	4	3
1286	30	-999	2	4	3	5	3	3	4	5	4	4
1287	53	3	2	3	3	4	4	3	-999	4	4	4
1290	33	4	2	4	3	4	4	4	4	4	4	4
1291	48	2	2	3	1	1	5	1	1	3	5	3
1292	28	2	2	3	2	2	1	2	1	2	4	1
1294	20	4	1	3	3	4	4	4	3	4	4	4
1295	38	-999	2	3	3	4	2	2	2	4	4	2
