1	0	0	2.54545454545455	2	1
2	0	0	3.75	1.5	1.375
3	-999	0	-999	-999	-999
4	-999	0	-999	-999	-999
5	-999	1	-999	-999	-999
6	-999	1	-999	-999	-999
7	1	0	3.72727272727273	1.5	1.5
8	1	0	4.36363636363636	1.25	1.125
9	0	0	3.375	2.25	1.75
10	-999	0	-999	-999	-999
11	0	1	4.36363636363636	2.25	1.125
12	0	0	2.90909090909091	2	1
13	0	1	3.72727272727273	2	1
14	0	1	3.36363636363636	2	1
15	1	1	3.81818181818182	1.5	1
16	-999	1	-999	-999	-999
17	1	0	3.81818181818182	1	1.25
18	0	1	2.27272727272727	3.5	1.375
19	-999	0	3.72727272727273	2.75	1.25
20	0	0	2.36363636363636	3.5	1.625
21	-999	0	-999	-999	-999
22	1	0	3.90909090909091	1.25	1.625
23	-999	1	-999	-999	-999
24	1	1	4.72727272727273	1.5	1
25	-999	1	-999	-999	-999
26	1	1	3.6	1.5	1
27	1	1	4.90909090909091	1.25	1
28	-999	1	-999	-999	-999
29	1	1	4.54545454545455	1.5	1
30	1	0	4.63636363636364	1	1.375
31	-999	1	-999	-999	-999
32	-999	1	-999	-999	-999
33	0	0	3.90909090909091	1.25	1.875
34	0	0	2.7	2.75	1.25
35	-999	1	2.90909090909091	2.75	1.28571428571429
36	1	0	3.66666666666667	1	1
37	1	0	4	2.25	1.125
38	-999	1	-999	-999	-999
39	1	1	3.72727272727273	1.25	1
40	1	0	2.8	2	1.75
41	-999	0	-999	-999	-999
42	-999	1	3.36363636363636	2	1.42857142857143
43	1	0	3.90909090909091	1.25	1.375
44	-999	1	-999	-999	-999
45	1	0	4.36363636363636	1.75	1.375
46	1	1	3.27272727272727	2.25	1
47	-999	1	3.36363636363636	2	1
48	-999	1	3.4	1.5	1.125
49	-999	0	-999	-999	-999
50	-999	1	4.45454545454545	1.75	1.625
51	1	0	4.63636363636364	1.25	1.125
52	1	0	4.72727272727273	1.5	1
53	1	0	3.18181818181818	2	1.375
54	1	0	2.90909090909091	1.5	1.5
55	1	0	3.90909090909091	1.5	1.25
56	1	1	3.45454545454545	1.25	1
57	-999	1	3.18181818181818	2	1.25
58	0	1	4.27272727272727	1.25	1.125
59	-999	1	-999	-999	-999
60	-999	1	4	1.75	1.125
61	1	0	3	2.25	1.25
62	1	0	3	2.5	1.375
63	1	1	3.4	3	1.5
64	1	0	3	2.5	1.5
65	0	0	4	1.75	1.375
66	1	1	4.09090909090909	2	1.375
67	-999	1	-999	-999	-999
68	1	0	4	2.25	1.375
69	1	1	4.09090909090909	1.75	1.75
70	1	1	3.54545454545455	2	1
71	1	0	4.63636363636364	1	1
72	1	0	4	1.75	1.125
73	1	0	3.4	1.5	1.25
74	1	0	4.18181818181818	1	1.125
75	1	0	4.90909090909091	2.25	1.625
76	1	1	3.54545454545455	2.5	1
77	1	0	3.90909090909091	1	1
78	1	1	3.54545454545455	2	1.625
79	0	0	3.27272727272727	1.25	1.375
80	0	0	4	2.5	1.375
81	-999	1	-999	-999	-999
82	-999	0	3.63636363636364	1	1.625
83	1	1	3	2.5	1.875
84	0	1	3.45454545454545	2.25	2
85	1	0	4.27272727272727	1	1.25
86	-999	0	3	2.25	1.75
87	1	1	3.54545454545455	1.5	1
88	-999	0	-999	-999	-999
89	-999	1	-999	-999	-999
90	1	0	4.1	1.5	1.5
91	1	1	3.63636363636364	1.75	1.375
92	-999	1	-999	-999	-999
93	-999	1	3.54545454545455	2	1
94	1	0	4.18181818181818	1.75	1.125
95	1	0	2.63636363636364	1	2.25
96	-999	0	3.6	1.25	1
97	-999	0	-999	-999	-999
98	1	0	3.63636363636364	1	1.125
99	1	1	2.90909090909091	2.25	1.625
100	1	1	3.90909090909091	2.5	1.5
101	-999	0	-999	-999	-999
102	1	1	3.4	1.5	1.75
103	1	0	3.54545454545455	1.5	2.125
104	0	1	3.54545454545455	2.5	2
105	0	1	2.81818181818182	1.5	1.875
106	0	1	3.72727272727273	2.5	1
107	0	0	4	1.75	1
108	1	0	2.90909090909091	2.25	2.375
109	1	1	4.25	-999	-999
110	-999	1	-999	-999	-999
111	-999	1	-999	-999	-999
112	1	0	4.63636363636364	1	2
113	1	0	4.18181818181818	1	1.125
114	-999	1	3.90909090909091	2.25	1.125
115	1	0	2.27272727272727	1.75	2.125
116	-999	0	3.2	1.25	2
117	1	1	3.27272727272727	2.25	1.25
118	1	0	3.63636363636364	2	1.25
119	1	0	3.72727272727273	1	1
120	0	0	4.54545454545455	1	1
121	0	0	3.45454545454545	1.5	1.125
122	-999	1	3.36363636363636	2.25	1.875
123	-999	1	-999	-999	-999
124	1	0	3	1	1
125	1	1	2.8	3.25	1.125
126	1	1	3.72727272727273	2.5	1.25
127	0	1	3.90909090909091	2.5	2.125
128	1	0	3.54545454545455	2	1.25
129	1	0	3.81818181818182	1.75	1.25
130	1	0	3.81818181818182	1	1
131	1	1	2.72727272727273	2	2.14285714285714
132	0	0	2.6	1	1.125
133	1	0	4	1	1.75
134	1	1	3.63636363636364	1.75	1
135	-999	0	4.45454545454545	1	1
136	0	1	3.27272727272727	2.25	1
137	-999	1	-999	-999	-999
138	1	1	4.2	1.5	1
139	1	0	4.81818181818182	1.5	1.125
140	-999	0	-999	-999	-999
141	1	0	4.09090909090909	1	1.25
142	1	1	3.18181818181818	2.25	1.375
143	0	1	3.63636363636364	1.5	1
144	0	0	3.36363636363636	2	1.25
145	-999	0	-999	-999	-999
146	0	0	5	1	1.25
147	1	1	4.90909090909091	2	1.125
148	-999	1	3.81818181818182	1.5	1
149	1	1	3.72727272727273	2.5	1.125
150	-999	1	-999	-999	-999
151	0	0	3.45454545454545	1.25	1.375
152	1	0	4.2	1	1.25
153	-999	1	-999	-999	-999
154	1	1	3.18181818181818	2.5	1
155	-999	1	4.09090909090909	2	1
156	1	1	3.72727272727273	1.25	1.125
157	-999	0	3.63636363636364	1.75	1.375
158	0	0	3.18181818181818	2	1.875
159	1	1	3	3	1.375
160	1	0	3.45454545454545	2.25	1.5
161	1	0	3.27272727272727	2.5	1.5
162	1	0	4.90909090909091	1.5	1.125
163	1	0	4.18181818181818	1.5	1.25
164	1	0	3.27272727272727	1	2.875
165	-999	1	-999	-999	-999
166	1	0	4.63636363636364	1	1
167	1	1	4.54545454545455	2.75	1.125
168	1	1	3.63636363636364	2	1.125
169	1	0	4.18181818181818	1	1.25
170	0	0	3.90909090909091	2.5	1.5
171	1	1	3.45454545454545	2.5	1.25
172	-999	1	4.72727272727273	1.75	1.125
173	1	0	2.63636363636364	2.25	1.125
174	1	0	3.77777777777778	1.5	1.25
175	-999	1	-999	-999	-999
176	0	1	3.36363636363636	2	2.375
177	-999	0	3.72727272727273	2.25	1.625
178	0	1	4.90909090909091	2.75	1
179	1	1	2.5	3.25	1.625
180	0	0	3.81818181818182	1.75	1.25
181	1	1	3.27272727272727	3.5	1.25
182	-999	0	-999	-999	-999
183	1	1	3.42857142857143	2.75	1.57142857142857
184	1	0	3.63636363636364	1.5	1.75
185	0	1	3.54545454545455	1.5	1.25
186	-999	0	-999	-999	-999
187	1	1	4.63636363636364	1	1.25
188	0	0	4	2	2
189	1	0	2.45454545454545	2.75	2.625
190	1	1	4.1	1.25	1.625
191	1	0	3.63636363636364	3	2.5
192	1	0	3.09090909090909	1.5	1.25
193	1	1	3.54545454545455	2	1
194	0	1	4.45454545454545	1.25	1
195	0	0	4.09090909090909	1.5	1.25
196	1	0	3.54545454545455	1.25	2.375
197	0	0	3.72727272727273	1.75	2.5
198	1	0	3.90909090909091	1.25	1.25
199	0	0	2.1	2.75	2.875
200	1	1	3.90909090909091	1.5	1.125
201	-999	1	-999	-999	-999
202	1	0	3.3	1.75	1.5
203	1	0	3.81818181818182	2	1
204	-999	1	-999	-999	-999
205	1	0	5.36363636363636	1.25	1
206	1	0	3.36363636363636	1	1
207	1	0	4	2	1.125
208	1	0	3.27272727272727	2.5	1.375
209	-999	0	5.18181818181818	2.25	1.375
210	-999	1	-999	-999	-999
211	1	0	3.63636363636364	2.5	1.75
212	0	0	3	1.5	1.75
213	0	1	3.72727272727273	2	1
214	0	0	3.8	2	1.625
215	1	0	4.66666666666667	1.5	1
216	1	0	2.72727272727273	2.75	3
217	0	0	2.63636363636364	2.75	1.375
218	0	0	3	2	1.375
219	0	0	3	2.25	1.625
220	-999	1	-999	-999	-999
221	0	0	4.36363636363636	1.5	1.75
222	0	0	3.63636363636364	1	1
223	1	1	2.72727272727273	3.5	2.625
224	-999	0	-999	-999	-999
225	0	0	3.36363636363636	2.5	1.125
226	0	0	5.18181818181818	1.25	1.375
227	-999	0	-999	-999	-999
228	-999	1	-999	-999	-999
229	1	0	2.72727272727273	2.75	1
230	0	0	3	1.75	1.125
231	1	0	2.72727272727273	1.75	1.375
232	0	0	2.9	2.75	1.875
233	0	1	2.90909090909091	2.5	1
234	0	0	3.63636363636364	1.75	1
235	0	0	3.18181818181818	2.25	1.25
236	0	0	3.54545454545455	1.75	1.5
237	-999	0	4.36363636363636	1.5	1
238	1	1	3.27272727272727	1.25	1.125
239	1	0	2.72727272727273	1.75	1.375
240	-999	1	-999	-999	-999
241	1	0	3.54545454545455	3.25	2.75
242	0	0	3.81818181818182	3	2.125
243	0	0	3.81818181818182	1.75	1.125
244	1	0	3.81818181818182	2	1.25
245	0	0	3.2	2	1.125
246	0	0	3.09090909090909	2.25	1.5
247	-999	1	-999	-999	-999
248	1	0	3.81818181818182	1.75	1.25
249	0	0	3.63636363636364	2.25	2
250	1	0	2.90909090909091	3.25	1.375
251	0	0	4.36363636363636	1.25	1.125
252	-999	1	-999	-999	-999
253	-999	1	2.3	3	1.375
254	1	1	5.27272727272727	1	1
255	0	1	4.5	1.25	1
256	-999	1	-999	-999	-999
257	0	0	2.72727272727273	2	1.75
258	1	0	3.90909090909091	1.25	1.125
259	0	0	3.36363636363636	2	1.625
260	-999	0	-999	-999	-999
261	0	0	4	2	2
262	1	1	3.45454545454545	2	1.125
263	1	0	3.36363636363636	2.75	1.75
264	0	1	3	2	1
265	-999	0	3.11111111111111	1.5	1.125
266	0	0	3.27272727272727	2.25	2.5
267	0	0	2.72727272727273	1.75	1.5
268	0	1	2.3	1.5	1.375
269	-999	0	3.09090909090909	1.5	1.5
270	0	0	3.72727272727273	1.5	1
271	0	0	2.63636363636364	2.25	1
272	0	1	4	2	1
273	0	1	3	1.5	1
274	0	0	3.54545454545455	1	1.125
275	0	1	3.81818181818182	1.75	1
276	0	0	3.18181818181818	2.25	1.25
277	1	0	2.63636363636364	2	1
278	1	1	4.27272727272727	1.5	1
279	0	0	3.45454545454545	2.5	2.375
280	-999	0	-999	-999	-999
281	0	1	3.72727272727273	2.75	1
282	0	1	3.7	2.75	1
283	0	0	2.45454545454545	2.25	1.625
284	-999	0	-999	-999	-999
285	0	0	3	2.5	1.625
286	0	1	4.18181818181818	1.75	1
287	0	1	3.72727272727273	1.75	1.125
288	0	0	3.54545454545455	2	1
289	0	0	3.18181818181818	2	1.625
290	0	0	3.63636363636364	1.5	1
291	0	1	3.90909090909091	2.75	1.25
292	0	0	2.90909090909091	2.5	1.625
293	0	1	4	1.5	1
294	0	1	3.45454545454545	2	1.125
295	0	0	3.45454545454545	3	1.375
296	1	1	1.72727272727273	2.75	1.5
297	0	1	4.63636363636364	1.25	1
298	1	0	4.36363636363636	1.75	1
299	0	0	3.45454545454545	1.5	1.375
300	0	1	3.27272727272727	2	1
301	0	1	3.09090909090909	2.75	1
302	0	0	3.54545454545455	2.5	1.625
303	0	0	3.36363636363636	1.75	1
304	0	0	3.09090909090909	2.5	1
305	0	1	3.36363636363636	2	1.125
306	0	1	4.72727272727273	2	1
307	0	1	3.36363636363636	1.5	1
308	-999	0	3.18181818181818	1.75	1
309	0	0	3.27272727272727	2.75	1.25
310	-999	1	-999	-999	-999
311	0	0	3.90909090909091	1.75	1
312	0	0	2.54545454545455	3.25	1.5
313	0	0	2.5	2	1
314	0	1	3.45454545454545	1.5	1
315	0	0	4.09090909090909	1.5	1
316	0	0	4.18181818181818	2	1.125
317	-999	1	-999	-999	-999
318	0	0	3.54545454545455	2.25	1.125
319	0	0	2.45454545454545	2.25	1.25
320	-999	0	-999	-999	-999
321	-999	1	3.81818181818182	2	1
322	0	0	3.27272727272727	2.75	1
323	0	0	2.81818181818182	3.5	2.375
324	0	1	1.72727272727273	3	1.25
325	0	1	3.36363636363636	2.25	1.25
326	0	0	3.3	1.75	1.5
327	0	0	3.63636363636364	1.25	1
328	0	0	3.72727272727273	1.5	1.125
329	0	1	3.72727272727273	2.25	1.125
330	-999	0	-999	-999	-999
331	0	1	3.36363636363636	1.75	1
332	-999	0	3.36363636363636	2.5	1.5
333	0	1	2.54545454545455	3	1
334	1	0	3.45454545454545	2.75	1
335	0	1	2.81818181818182	3.25	1.125
336	0	0	3.90909090909091	1.75	1.25
337	0	0	3.63636363636364	3	1.25
338	0	1	3.81818181818182	2.25	1.25
339	0	0	3.72727272727273	2	1.125
340	0	0	3.27272727272727	2.25	1
341	1	1	3.45454545454545	2.25	1.25
342	0	0	3	2.75	1.75
343	0	1	2.36363636363636	2.25	1
344	0	1	3.72727272727273	2	1
345	0	0	3.90909090909091	1.75	1
346	-999	1	3.90909090909091	1.75	1
347	0	0	2.45454545454545	2.5	1.375
348	1	0	3.72727272727273	1.75	1.625
349	0	0	3	2.5	1.875
350	0	0	2.72727272727273	2.25	1.125
351	0	1	4	2.5	1.25
352	1	1	4.18181818181818	1.75	1
353	1	1	4.36363636363636	1.75	1.375
354	0	0	3.72727272727273	2	1.5
355	0	1	3.45454545454545	1.5	1.125
356	-999	0	3.45454545454545	1.5	1.375
357	0	0	3.81818181818182	1.25	1.625
358	-999	0	-999	-999	-999
359	0	0	2.8	1.75	2.125
360	0	1	2.72727272727273	2	1.625
361	0	0	3.90909090909091	1	1.75
362	0	0	4	1.75	1.375
363	0	1	3.45454545454545	2.5	1
364	0	0	4.4	1.5	1.25
365	0	0	4.44444444444444	2.5	1.25
366	1	0	2.72727272727273	2	2.5
367	-999	0	2.54545454545455	2.25	1.75
368	-999	1	3.81818181818182	2.25	1.125
369	0	0	3.36363636363636	2.5	1.875
370	0	1	4	2.25	1.875
371	0	1	3.63636363636364	2.25	1
372	0	1	3.72727272727273	1.75	1.875
373	-999	1	4	1.25	1
374	1	0	4	1.75	1.25
375	0	1	3.72727272727273	1	1
376	0	1	3	2.25	1.25
377	1	1	4.18181818181818	2.5	1.375
378	0	0	3.63636363636364	1.75	1.125
379	0	1	3.36363636363636	2	1
380	0	1	3.36363636363636	2.5	2
381	0	0	3	3	1.875
382	1	0	4.1	1	1.25
383	0	1	3.27272727272727	2.5	1.5
384	0	0	2.90909090909091	1.25	1.375
385	0	1	3.09090909090909	2.25	1.5
386	0	0	3.18181818181818	2	1.625
387	0	1	3.72727272727273	2.25	1
388	0	0	3.45454545454545	3.25	1.25
389	0	0	3.36363636363636	2	1.25
390	1	1	4.36363636363636	1.5	1
391	-999	1	2.90909090909091	2.75	1.75
392	1	1	3.7	1.75	1
393	0	1	2.54545454545455	1.75	1
394	-999	1	2.54545454545455	3.25	1.375
395	1	0	2.90909090909091	2	1.5
396	0	1	3	2	1
397	1	0	3.7	1.75	1.125
398	1	1	3.63636363636364	2	1.25
399	1	1	4.09090909090909	2	1.125
400	0	0	3.2	2.5	1.125
401	0	1	3.36363636363636	2	1
402	0	0	4	1.5	1.125
403	0	0	3.18181818181818	2	1.375
404	0	0	2.81818181818182	1.5	1.375
405	0	0	3.72727272727273	2	1.625
406	-999	1	3.81818181818182	2.25	1.5
407	1	1	4.27272727272727	1.5	1.25
408	0	0	3.90909090909091	1.25	1.25
409	0	1	3.36363636363636	2	1.125
410	0	0	5.09090909090909	1	1
411	-999	0	3.54545454545455	1.5	1.625
412	0	0	3.27272727272727	2.75	2.125
413	0	0	3.27272727272727	1.25	1.125
414	0	0	3.3	1	1.625
415	0	0	3.81818181818182	2	1
416	0	1	4.72727272727273	2.5	1
417	0	1	3.54545454545455	3	1
418	0	1	3.9	1.66666666666667	1
419	0	0	4.54545454545455	1.25	1
420	1	1	3.36363636363636	2.5	1
421	0	0	3.7	2	1.5
422	0	0	2.8	2	1.5
423	0	1	3.45454545454545	1.5	1.25
424	0	0	3	2	1
425	0	1	3.45454545454545	2	1.25
426	0	1	3.63636363636364	1.75	1
427	0	1	3.36363636363636	2.25	1.5
428	0	0	4	1.75	1.25
429	0	1	3.09090909090909	2	1.125
430	0	1	4	2	1.125
431	0	0	4.63636363636364	1.75	1
432	0	1	1.63636363636364	3	1.25
433	0	1	4	1.5	1
434	0	0	4.27272727272727	2	1.5
435	0	0	1.81818181818182	2.5	1.875
436	0	0	3.9	1.75	1.25
437	0	1	4.45454545454545	1.5	1
438	0	0	4.72727272727273	1.5	1.125
439	0	0	3.09090909090909	2.75	1
440	0	1	5.27272727272727	1.5	1
441	0	1	4	1.75	1
442	0	1	3.81818181818182	2	1.125
443	1	0	3.72727272727273	2	1.875
444	0	1	3.27272727272727	1.75	1.25
445	0	1	4.54545454545455	2	1.125
447	1	0	3.81818181818182	2.75	2.125
448	1	0	4.27272727272727	1.5	1.375
449	1	0	4.3	1	1
450	1	0	2.88888888888889	2.25	1.25
451	1	0	3.90909090909091	1	1
452	1	0	3	1.5	1.25
453	-999	0	-999	-999	-999
454	1	1	4.18181818181818	2.25	1.25
455	-999	1	4.36363636363636	1.25	1.125
456	1	0	5.27272727272727	1.25	1.625
457	0	0	5.45454545454545	1.5	1
458	1	0	5.09090909090909	2.25	1.75
459	1	0	2.9	2	2
460	0	0	2.90909090909091	2.25	1.125
461	1	0	3.54545454545455	1	1
462	1	1	4.72727272727273	1.25	1.25
463	1	1	4.72727272727273	1.5	1
464	1	0	5.45454545454545	1.25	1
465	1	1	3.27272727272727	1.75	1.25
466	1	1	3.8	1.75	1
467	1	0	4	2	1
468	1	1	4.27272727272727	1.75	1
469	-999	0	-999	-999	-999
470	1	1	3.63636363636364	2	1.125
471	-999	1	3.54545454545455	2.25	1
472	1	1	4.36363636363636	1.25	1
473	1	0	3.18181818181818	2	1.125
474	1	1	3.18181818181818	2.75	1.875
475	1	1	4.27272727272727	2	1
476	1	0	2.90909090909091	2	1
477	1	0	3.27272727272727	2.25	1.5
478	1	0	2.45454545454545	2.75	1.875
479	1	0	3.72727272727273	1.75	2
480	0	1	2.63636363636364	1.75	1
481	-999	1	3	2.5	1.25
482	-999	1	-999	-999	-999
483	-999	0	-999	-999	-999
484	-999	0	3.54545454545455	2	1.625
485	1	0	3.90909090909091	2.5	1.375
486	1	0	3.63636363636364	1	1
487	1	1	3.72727272727273	1.75	1.125
488	1	1	3.36363636363636	1.25	1
489	1	0	5.09090909090909	1	1.25
490	1	1	2.72727272727273	2.75	1.375
491	1	1	5.18181818181818	1	1
492	1	0	4.7	1	1
493	1	1	3.45454545454545	1.75	1
494	1	1	4.63636363636364	1.75	1
495	1	1	3.4	2.25	1.125
496	-999	1	-999	-999	-999
497	1	0	3	1.5	1.125
498	-999	1	5.45454545454545	1	1
499	1	1	3.45454545454545	2.5	1
500	-999	0	-999	-999	-999
501	1	1	3.72727272727273	1.75	1
502	1	1	3.18181818181818	1.5	1
503	1	0	5.81818181818182	1	1
504	1	0	5.90909090909091	1.25	1
505	-999	1	-999	-999	-999
506	1	0	4.27272727272727	1	1
507	1	1	3.36363636363636	2.25	1.125
508	0	0	4.09090909090909	1.5	1.125
509	-999	0	-999	-999	-999
510	1	0	3.54545454545455	2	1.125
511	-999	0	-999	-999	-999
512	1	0	4.45454545454545	1	1
513	1	0	3.09090909090909	2.75	2.25
514	0	0	2.36363636363636	3.25	2
515	1	1	4.36363636363636	2.25	1
516	1	1	2.81818181818182	3	1.5
517	1	1	3.09090909090909	1.25	1
518	-999	0	-999	-999	-999
519	-999	0	4	1.75	1.125
520	0	0	4.54545454545455	2	1.625
521	1	1	4	2	1.5
522	1	0	3.72727272727273	2	1.125
523	1	1	5.36363636363636	1.25	1
524	-999	1	-999	-999	-999
525	1	0	3.45454545454545	2	1.625
526	1	0	4	1	1
527	-999	1	-999	-999	-999
528	-999	0	4.81818181818182	1	1
529	1	1	3.72727272727273	1.25	1
530	1	0	4.27272727272727	1.5	1.25
531	1	1	4.1	1	1
532	1	0	3.81818181818182	2.25	1.375
533	1	0	4.3	1.5	1.25
534	1	0	3.45454545454545	1.5	2
535	1	0	3.72727272727273	1.25	1.625
536	1	1	2.72727272727273	2.25	1.125
537	1	0	3.18181818181818	1	1.75
538	1	0	3.18181818181818	2.25	1.875
539	1	0	3.09090909090909	1	1.625
540	-999	0	-999	-999	-999
541	-999	0	3.90909090909091	1.5	1
542	1	0	4	2.25	1.5
543	1	0	3.72727272727273	1	1
544	1	0	3.72727272727273	1.25	1.25
545	1	0	4.4	1	1
546	1	0	3.54545454545455	1	1
547	-999	1	3.90909090909091	1.5	1
548	1	1	4.7	1.5	1
549	1	1	3.36363636363636	2.5	1.125
550	1	0	4.4	1.25	1
551	1	0	5	1	1
552	-999	0	-999	-999	-999
553	0	0	3.18181818181818	2	1.75
554	1	1	3.63636363636364	2.75	1.25
555	1	0	4.45454545454545	1	1.125
556	1	1	3.72727272727273	1.5	1
557	1	1	3.36363636363636	2	1.375
558	1	1	4.27272727272727	1.75	1
559	-999	1	-999	-999	-999
560	1	0	3.54545454545455	1	1.375
561	0	1	2.63636363636364	2	1.375
562	1	1	3.72727272727273	1.25	1
563	1	0	3.81818181818182	1.5	1
564	-999	0	2.54545454545455	1.5	1.5
565	-999	1	4.54545454545455	1.25	1
566	1	1	4.54545454545455	2.25	1.25
567	1	1	3.8	2	1.125
568	1	0	4.09090909090909	1	1
569	1	0	4.18181818181818	1	1
570	1	0	4	1.5	1
571	1	0	4.90909090909091	1	1.125
572	-999	0	3.81818181818182	1.5	1.25
573	1	0	3.72727272727273	1.75	1.25
574	1	1	3.45454545454545	1.33333333333333	1
575	0	1	3.27272727272727	2	1.625
576	0	0	3.18181818181818	1	1.125
577	0	0	3.36363636363636	2.5	1.25
578	-999	1	-999	-999	-999
579	1	1	2.90909090909091	1.5	1
580	1	1	3.27272727272727	1.75	1.75
581	-999	1	4.36363636363636	2	1.875
582	-999	1	3.54545454545455	2	1.125
583	1	0	2.81818181818182	1.5	1.125
584	-999	0	-999	-999	-999
585	-999	0	-999	-999	-999
586	-999	0	-999	-999	-999
587	0	1	3.90909090909091	2	1
588	0	1	3.6	1	1
589	1	0	4.18181818181818	1	1.5
590	0	0	3.81818181818182	1.25	1.875
591	0	0	3	2.5	1.25
592	0	0	3.63636363636364	1.5	1.125
593	1	1	4.90909090909091	1.25	1
594	0	0	2.63636363636364	1.75	2.125
595	-999	0	-999	-999	-999
596	1	1	3.36363636363636	2	1
597	1	1	3.45454545454545	1.5	1
598	0	0	4.45454545454545	2.25	1
599	0	1	3.72727272727273	3	2.25
657	-999	0	-999	-999	-999
658	1	1	4.81818181818182	2.25	1
659	0	0	4.18181818181818	1	1
660	1	0	3.54545454545455	1	1.125
661	0	0	3.36363636363636	1.75	1.75
662	0	1	3.09090909090909	3.5	2.875
663	0	1	3.4	2.75	1.25
664	-999	0	-999	-999	-999
665	-999	1	-999	-999	-999
666	1	0	3.45454545454545	1.75	1.625
1002	-999	0	3.45454545454545	3.5	2.375
1016	0	1	3.45454545454545	3	2.625
1018	0	1	3.72727272727273	2.25	1
1019	-999	0	2.55555555555556	2.25	1.5
1020	0	0	3.09090909090909	2	1.375
1021	0	0	3	1.75	2.125
1022	0	0	4.90909090909091	2.25	1.125
1023	1	1	2.72727272727273	2.75	2.375
1024	0	0	-999	-999	-999
1025	0	0	-999	-999	-999
1026	0	1	2.09090909090909	2.5	1.125
1027	0	0	2.45454545454545	2.75	1.875
1029	1	1	3.90909090909091	2.25	1.625
1030	1	1	3	2.75	1.25
1031	0	1	2.63636363636364	2.75	1.875
1032	0	0	4.1	3	2.125
1033	1	1	3.54545454545455	2.5	1
1034	0	1	3.54545454545455	2.25	1.125
1035	0	0	3.90909090909091	1.5	1.25
1036	0	0	-999	-999	-999
1037	0	0	-999	-999	-999
1038	0	0	-999	-999	-999
1040	1	1	4.36363636363636	2.5	1
1041	0	1	-999	-999	-999
1042	1	1	3.18181818181818	2.25	1.875
1043	0	0	2.90909090909091	2	1.625
1044	1	1	3.72727272727273	2.5	1.375
1045	0	0	3.2	2.75	1.25
1046	1	0	4.45454545454545	1	1.125
1047	1	1	2.81818181818182	2.5	1.125
1048	1	0	3.63636363636364	2.25	1.625
1049	0	0	2.90909090909091	2.5	2.5
1050	0	0	3.90909090909091	2	1.25
1051	0	1	3.09090909090909	1.75	1.42857142857143
1052	0	0	2.63636363636364	3	1.5
1053	0	0	2.90909090909091	2	1
1054	0	1	3.36363636363636	1.75	1
1055	1	1	3.2	2	1
1056	1	1	2.36363636363636	1.5	1.125
1057	1	1	3.09090909090909	2.5	1.25
1058	0	0	3.18181818181818	2.75	1.75
1059	0	0	4.90909090909091	1	1
1060	0	0	3.27272727272727	1.25	1.125
1061	0	0	2.81818181818182	2.75	1.625
1062	1	0	2.81818181818182	2.5	1.625
1063	0	0	5	1	1
1064	0	0	3.54545454545455	1	1
1065	0	0	3.09090909090909	2	1.125
1066	0	1	4.09090909090909	1	1.125
1067	0	0	3.63636363636364	1.5	1
1068	0	1	4.72727272727273	2	1.125
1069	1	1	3.27272727272727	1.5	1.375
1070	1	0	2.45454545454545	2.5	2.375
1071	1	1	3.54545454545455	2.5	1.375
1072	-999	1	3.54545454545455	1.5	1.125
1073	1	1	4.36363636363636	1	1.25
1074	1	1	4.36363636363636	1	1
1075	1	1	2.63636363636364	2.25	1.25
1076	1	0	3.18181818181818	1.5	1.5
1078	1	0	3.45454545454545	1.75	1.375
1079	1	0	3.27272727272727	1	1
1080	1	0	4.18181818181818	1	1
1081	1	0	2.81818181818182	2.5	1.875
1082	1	0	2.36363636363636	1.75	1.125
1083	1	1	3.36363636363636	2	1.25
1084	1	0	3.54545454545455	2.5	1.375
1085	1	0	-999	-999	-999
1086	1	1	2.90909090909091	2	1
1088	1	0	3.72727272727273	2.5	1
1089	1	0	3.54545454545455	2	1.375
1091	1	0	5.45454545454545	1	1
1099	1	1	2.81818181818182	2.25	2
1100	1	1	4.45454545454545	1.25	1
1105	1	0	3.90909090909091	1.25	1.375
1109	1	1	4.36363636363636	2	1
1116	1	1	3.72727272727273	1.75	1
1117	0	1	4.45454545454545	2.25	1
1122	1	1	4.81818181818182	2	1
1127	1	0	4.09090909090909	1	1.25
1130	1	1	5.27272727272727	1	1
1131	1	1	3.18181818181818	1.75	1
1132	1	0	3.72727272727273	1.75	1.125
1134	1	0	4.09090909090909	1.5	1.375
1135	1	0	4.27272727272727	1	1.5
1136	1	1	3	1.75	1.25
1137	1	0	3.45454545454545	1.5	1
1138	1	0	3.72727272727273	1.75	1.375
1139	1	1	3.36363636363636	2.5	1.125
1140	1	1	3.45454545454545	1.5	1.125
1143	1	0	3.54545454545455	2	1.375
1144	1	1	3.18181818181818	1.75	1.375
1145	1	1	4	2.75	2
1146	1	1	2.63636363636364	2	1
1147	1	1	3.45454545454545	2.75	1
1148	1	1	4.09090909090909	2	1.25
1149	1	0	3.54545454545455	1.5	1.5
1150	1	0	4.36363636363636	1.5	1.625
1151	1	1	3.45454545454545	2.25	1.5
1152	1	0	2.72727272727273	2	1
1153	1	0	3.5	1.5	1.25
1155	1	1	3.90909090909091	2.25	1.625
1158	1	1	3.54545454545455	2.5	1.75
1159	1	1	4	1.5	1.25
1160	1	0	3.36363636363636	2.25	1.125
1161	1	0	3.09090909090909	1.25	1.25
1162	1	1	2.90909090909091	2	1.375
1164	1	0	3.72727272727273	1.5	1.375
1165	1	0	4.09090909090909	2	1.375
1166	0	0	2.54545454545455	3	1.25
1167	1	1	3.72727272727273	2	1
1168	1	0	4.54545454545455	1.25	1
1169	0	0	3.63636363636364	1.5	1
1170	0	1	3.18181818181818	2.75	1.125
1172	1	1	4.63636363636364	1.5	1
1173	1	0	4.45454545454545	1	1.875
1175	1	0	2.90909090909091	2.25	1.5
1176	1	0	3.45454545454545	2.25	1.125
1177	0	1	3.36363636363636	2.75	1.625
1179	1	0	4.36363636363636	1.5	1.25
1182	0	0	3.27272727272727	1.5	1.75
1184	1	1	3.72727272727273	1	1
1185	0	1	2.72727272727273	2.25	1
1186	1	1	3.72727272727273	1.5	1
1187	1	0	3.36363636363636	2	1.375
1188	1	0	3.45454545454545	1.5	1.25
1189	1	1	3	1.75	1.5
1190	1	1	3.72727272727273	1.75	1.125
1191	1	1	4.63636363636364	1.75	1.125
1192	1	0	2.81818181818182	3.25	2.25
1193	1	1	4.27272727272727	1.75	1
1195	1	1	3.54545454545455	2.25	1.25
1196	1	1	3.09090909090909	2.75	1.125
1198	1	1	3.90909090909091	2	1
1199	1	1	3.72727272727273	2	1.25
1200	1	1	5.27272727272727	1	1.625
1201	1	1	4.09090909090909	1.5	1
1202	1	1	3.90909090909091	1.5	1
1203	1	0	-999	-999	-999
1204	1	0	3.4	2.25	1.75
1205	1	0	3.72727272727273	1	1.125
1206	1	1	3.45454545454545	2.5	1.125
1207	1	1	3.81818181818182	1.75	1
1208	1	1	1.81818181818182	3	1.625
1209	1	0	-999	-999	-999
1210	1	0	4.81818181818182	1	1
1211	1	1	4.09090909090909	1.75	1.375
1212	1	1	4.27272727272727	2	1
1213	1	1	-999	-999	-999
1214	1	1	3.45454545454545	2.5	1.375
1215	1	1	4	2.25	1.25
1216	1	0	3	2.25	1.375
1217	1	1	3.72727272727273	2	1.125
1218	1	0	3.63636363636364	2.25	1.5
1219	1	1	-999	-999	-999
1220	1	1	3.72727272727273	1.75	1.5
1221	1	1	2.81818181818182	2.5	1.125
1223	1	1	2.63636363636364	2.75	1
1224	1	0	4.09090909090909	1	1
1225	0	1	2.45454545454545	3	2.5
1226	1	0	3.5	2.75	1.125
1227	1	1	4.63636363636364	1.25	1
1228	1	1	3.9	1.5	1.125
1229	1	0	5.18181818181818	2	1
1230	0	0	-999	-999	-999
1231	1	1	2.90909090909091	2.5	1
1232	1	0	2.81818181818182	2.5	1.75
1233	1	1	4.09090909090909	1.75	1.125
1234	1	1	5	2	1
1235	1	0	3.36363636363636	1.75	1.5
1237	1	1	3.27272727272727	2	1
1238	1	0	3.90909090909091	2.5	1.25
1239	1	1	4.45454545454545	2.5	1.25
1240	1	1	4.81818181818182	1.25	1
1241	1	1	3.27272727272727	3	1.75
1242	1	1	1.81818181818182	2.75	1.875
1245	1	1	3.36363636363636	2	1.375
1246	1	0	-999	-999	-999
1247	1	1	3.09090909090909	2.75	1.375
1248	1	0	3.81818181818182	2	1.375
1249	0	1	-999	-999	-999
1250	1	1	2.8	2.75	1.875
1253	1	0	2.63636363636364	2	2.5
1254	-999	0	3.22222222222222	2	1.625
1255	0	0	3.81818181818182	1.5	1.625
1257	0	0	3.09090909090909	2.5	1.625
1258	0	0	4.72727272727273	2	1.75
1259	0	0	3.875	2	1.25
1260	1	0	3.63636363636364	2.5	1.625
1262	0	0	2.81818181818182	2.25	1.125
1263	0	0	3.90909090909091	1	1
1265	-999	0	4	2.25	1.125
1266	0	1	3.45454545454545	2.5	1.625
1268	0	1	2.6	2.75	2.5
1269	0	1	3.09090909090909	3.25	1.375
1270	1	0	3.72727272727273	1.5	1.625
1271	-999	0	3.11111111111111	3	1.375
1272	1	1	5.2	1.75	1.625
1273	1	0	4	1.25	1
1274	0	0	4.54545454545455	1	1
1275	-999	0	4.09090909090909	1.25	1
1276	0	0	3.09090909090909	2.25	1.375
1277	-999	0	-999	-999	-999
1279	-999	0	4.27272727272727	1.75	1
1280	-999	-999	4.9	1	1
1281	0	0	3.54545454545455	2.75	2.375
1282	1	0	3.9	1.75	1.875
1286	1	1	3.7	1.75	1.125
1287	1	0	3.63636363636364	2	1.5
1288	1	0	3.63636363636364	1.25	1.375
1289	1	0	3.54545454545455	1.5	1.125
1291	1	1	4.09090909090909	1.75	1.25
1292	0	0	2.90909090909091	2.5	2.125
1293	1	0	4.09090909090909	1.5	1.625
1294	0	0	3.45454545454545	2	2.625
1295	0	0	4.27272727272727	2.25	1.625
1296	0	1	3.81818181818182	2.5	1.125
1297	0	1	3.18181818181818	2.25	1.75
1298	0	1	3.54545454545455	2.25	1.125
1300	0	1	3.09090909090909	2.5	1.25
1301	0	0	-999	-999	-999
1302	0	1	3.36363636363636	2.5	1
1304	1	1	3.45454545454545	2.25	1.25
1305	1	1	3.27272727272727	2.75	1
1306	0	1	4.27272727272727	1.5	1
1307	0	1	4.27272727272727	1	1.25
1308	0	1	3.72727272727273	1.5	1.25
1310	1	0	3.72727272727273	2	1.375
1311	0	0	3.1	2.75	1.5
1312	0	0	4.54545454545455	1	1
1313	0	0	2.90909090909091	2.75	1.625
1314	0	1	2.72727272727273	3.75	2
1315	0	1	3.33333333333333	2.25	1.25
1316	1	1	2.54545454545455	2.25	1.25
1317	0	1	3.09090909090909	3.75	1.875
1318	0	1	2.63636363636364	3.25	2
1319	-999	0	3.6	1.25	1
1320	1	1	3.6	1.5	1.125
1322	1	0	3.63636363636364	2	1
1324	0	0	3.81818181818182	2	1.375
1326	-999	1	3.63636363636364	2.5	1
1327	0	0	2.63636363636364	3.25	2.5
1329	0	0	-999	-999	-999
1330	0	0	4.09090909090909	2.25	1
1331	0	0	2.90909090909091	1	1
1332	0	0	4.72727272727273	1	1
1333	0	1	2.18181818181818	2.75	1
1334	1	0	3.54545454545455	2	1.125
1335	0	1	4.27272727272727	1.5	1
1336	1	1	4.81818181818182	1	1
1337	0	0	2.72727272727273	2	1.875
1340	0	1	2.36363636363636	2.75	1.25
1341	0	0	3.09090909090909	2.25	1.375
1342	0	1	2.90909090909091	2.25	1.125
1343	0	1	2.54545454545455	2.25	1.25
1344	0	1	2.36363636363636	2.75	1.125
1345	0	0	2.90909090909091	2.25	2.125
1346	0	0	1.45454545454545	3	2
1347	0	0	2.5	2.5	2.125
1349	0	0	1.81818181818182	2.25	1.25
1350	0	0	5	2	1.625
1351	0	1	3.09090909090909	2	1.125
1352	0	1	3.09090909090909	3	1.125
1354	0	1	-999	-999	-999
1355	0	0	2.45454545454545	2.75	1.5
1356	0	0	3	1.25	1
1357	0	0	3.36363636363636	2.5	1.625
1358	0	0	3	1.75	1.125
1359	0	1	2.90909090909091	3.25	1
1361	0	0	3.36363636363636	2.25	2.25
1362	0	0	2.90909090909091	2.75	1.375
1363	0	1	3.45454545454545	2.25	1.25
1364	0	1	3.54545454545455	1.75	1
1365	0	0	2.72727272727273	1.5	1
1366	0	0	2.45454545454545	1.75	1.25
1367	0	0	3.27272727272727	2	2
1368	0	0	2.81818181818182	3	1.625
1369	0	0	3.27272727272727	2.5	2
1370	0	0	2.72727272727273	1.75	1.625
1371	0	0	3.18181818181818	2	1.375
1372	0	0	3.36363636363636	2	1.625
1373	0	1	2.8	2.25	1.5
1374	0	1	-999	-999	-999
1375	1	0	4.09090909090909	2	1.75
1376	0	0	1.72727272727273	2.5	2.375
1377	0	0	3	2.5	2.125
1378	0	1	3	2	1.125
1379	-999	0	2.90909090909091	2.25	1.75
1380	0	0	3.81818181818182	1	1
1381	0	0	2.63636363636364	2.5	1.25
1382	0	0	3.27272727272727	2.25	1.5
1384	0	0	2.54545454545455	2.75	2
1391	0	1	2.63636363636364	3	1.125
1392	0	1	3.09090909090909	2.25	1.125
1393	0	0	2.81818181818182	2.5	2
1394	0	0	-999	-999	-999
1395	0	0	3.27272727272727	1.25	1.25
1396	0	0	2.81818181818182	2.5	1.5
1397	0	1	3.45454545454545	1.75	1
1398	0	1	2.63636363636364	3.75	1.5
1399	0	1	3.27272727272727	3	1.5
1400	0	1	-999	-999	-999
1401	0	0	3.36363636363636	2.5	1.25
1403	0	0	-999	-999	-999
1404	0	0	2.72727272727273	2.5	1.75
1405	0	1	2.54545454545455	2.25	1.125
1406	0	1	3	1.75	1.125
1407	0	1	3.90909090909091	2.5	1
1408	0	0	2.90909090909091	2	1.5
1409	0	1	4.18181818181818	2	1
1410	0	1	-999	-999	-999
1411	0	1	2.54545454545455	2.25	1.75
1412	0	0	-999	-999	-999
1416	0	0	-999	-999	-999
1430	0	1	3.72727272727273	3	1.375
1431	0	0	3.18181818181818	2.75	1.75
1432	1	1	3.27272727272727	2.25	1.375
1433	0	1	-999	-999	-999
1434	0	1	3.09090909090909	1	1.25
1435	1	0	2.45454545454545	1.75	1
1436	0	0	4.3	2	1.375
1437	-999	0	-999	-999	-999
1438	0	0	2.90909090909091	2.75	1.25
1439	0	0	2.36363636363636	2	1.75
1440	0	0	3.90909090909091	1.25	1
1441	0	0	-999	-999	-999
1444	-999	1	3.27272727272727	2.5	1.625
1445	-999	1	-999	-999	-999
1446	1	1	3.7	2	1.25
1449	1	0	3.18181818181818	1.75	1.125
1450	1	0	3.90909090909091	2.25	1.25
1451	1	0	3.45454545454545	1.5	1.75
1455	1	1	4.36363636363636	1	1
1456	1	0	2.90909090909091	1.5	1.375
1457	-999	0	3.81818181818182	1	1
1458	1	0	5	1.75	1
1460	1	0	3.45454545454545	1.75	2
1462	1	1	3.54545454545455	2	1.125
1463	-999	1	3.63636363636364	2.25	1
1465	1	0	2.09090909090909	2.5	1.75
1466	1	1	3.45454545454545	2.5	1.5
1467	1	0	4.63636363636364	1.5	1
1468	1	0	3.45454545454545	1.25	1
1469	1	1	3.54545454545455	1.75	1.125
1470	1	0	3.81818181818182	1	1
1471	-999	0	3.90909090909091	1.5	1.125
1474	0	0	3.63636363636364	2.5	1.125
1475	0	0	3	1.5	1
1476	0	0	3.27272727272727	2	1.25
1477	0	1	3.09090909090909	2.25	1.375
1478	0	0	2.72727272727273	1.75	1.875
1479	0	0	3.09090909090909	3.5	1
1480	0	1	3.8	2	1.25
1481	0	0	1.81818181818182	2.75	2.125
1482	0	0	3.81818181818182	1.75	1.25
1483	0	0	2.63636363636364	3	1
1484	0	1	3.8	1.75	1.25
1485	0	0	4.2	1.75	1.5
1486	0	1	3.2	1.5	1.25
1487	0	0	3.72727272727273	2	1.375
1488	0	1	2.5	3.5	2.375
1489	0	0	3.18181818181818	2	1
1490	0	1	2.63636363636364	2.75	1.5
1491	0	0	3.54545454545455	1.5	1.125
1492	0	1	3.18181818181818	3	1.5
1493	-999	1	2.81818181818182	2.25	1
1494	0	0	3.45454545454545	1.75	1
1495	0	1	3.36363636363636	2	1
1496	0	1	3.45454545454545	2	1.375
1497	0	1	-999	-999	-999
1498	0	0	3.27272727272727	2.5	1.75
1499	0	1	5.18181818181818	1.5	1
1500	0	1	2.90909090909091	2.5	1.375
1501	0	0	3.36363636363636	2.5	1.375
1502	0	1	2.72727272727273	3	1.125
1503	0	0	3	2.75	1.25
1504	0	0	3.63636363636364	1.75	1
1505	0	0	3.09090909090909	2.25	1.5
1506	1	-999	3.45454545454545	2.25	1.125
1507	0	0	3.18181818181818	2	1.75
1508	0	1	2.72727272727273	2.75	1.25
1509	0	0	4.18181818181818	1.75	1
1510	0	0	2.81818181818182	2.5	1.625
1511	0	0	3.54545454545455	3	1.5
1512	0	0	3.27272727272727	2.5	1.75
1513	0	0	4.27272727272727	1.5	1
1514	0	0	3.45454545454545	2.5	1.375
1515	0	0	2.375	3.75	2.125
1516	0	0	3.90909090909091	1.75	1
1517	0	0	3.2	2	1.125
1518	-999	-999	4.45454545454545	1.75	1
1519	0	0	4.09090909090909	1	1.5
1520	0	0	3.54545454545455	1.25	1.375
1521	0	0	3.36363636363636	2.5	1.375
1522	0	1	-999	-999	-999
1523	0	1	2.6	2.25	1.25
1524	0	1	3.90909090909091	1.75	1
1525	0	1	3	2.5	1
1526	0	0	3.1	2.75	1.25
1527	0	0	2.63636363636364	2.75	1.5
1528	1	1	4	1.25	1
1529	0	0	2.27272727272727	2.5	1.5
1530	0	0	2.54545454545455	2.5	1.75
1531	0	1	3.09090909090909	3	1.375
1532	0	1	2.90909090909091	2	1.25
1533	0	1	3	2.25	1.125
1534	0	0	3.27272727272727	2.5	1.375
1535	0	0	3	2.25	1.125
1536	0	0	3.54545454545455	1.5	1.5
1537	0	1	3.09090909090909	2.5	1
1538	0	0	3.09090909090909	2.75	1.5
1539	0	0	2.63636363636364	2.25	1.875
1540	0	0	2	2	1.875
1541	0	1	3.81818181818182	2	1
1542	-999	1	2.63636363636364	2.5	3.125
1546	1	1	5.09090909090909	1.75	1
1547	0	1	3.18181818181818	2.75	1.625
1548	0	1	3.63636363636364	2.25	1.25
1549	0	0	2.81818181818182	1.75	2.125
1550	0	1	4.09090909090909	1.5	1.125
1551	1	1	3.25	2.75	1.875
1552	0	0	3	2	1.375
1553	0	1	3.54545454545455	2	1.125
1554	0	0	2.90909090909091	2	2
1555	0	1	3.27272727272727	2.5	1.75
1556	0	0	3.45454545454545	2.25	1.25
1557	1	0	3.8	2.25	1.625
1558	0	0	2.81818181818182	1.5	1.125
1559	0	0	3.36363636363636	2	1.375
1560	1	1	2.81818181818182	2.25	1.875
1561	0	1	3.54545454545455	2.25	1.875
1562	0	0	-999	-999	-999
1563	0	1	3.09090909090909	3.25	2.125
1564	0	0	3.66666666666667	1.75	1.25
1565	0	0	3.09090909090909	2	1.375
1566	-999	1	3.54545454545455	2.25	1.625
1567	0	0	3.63636363636364	1.75	1.25
1568	0	0	3.36363636363636	2.75	1.375
1570	1	0	3.18181818181818	2.25	1.375
1571	1	1	4.90909090909091	1.75	1.375
1572	1	1	4.36363636363636	1.5	1.25
1573	0	1	2.63636363636364	2.5	1.625
1574	0	0	3.36363636363636	1.75	1.625
1575	0	1	3.72727272727273	2.75	1
1576	0	1	3.18181818181818	2.25	1
1577	0	0	3.09090909090909	2.5	2.625
1578	0	0	3.54545454545455	3	1.25
1579	0	1	3.27272727272727	2	1.375
1580	0	0	4	2.25	1
1581	1	0	4	2	1.375
1582	0	0	3.45454545454545	2.25	1.625
1583	0	0	3.36363636363636	2.5	1.75
1584	0	0	3	2	1.75
1585	0	0	3	2.5	1.25
1586	1	0	-999	-999	-999
1587	0	1	3.36363636363636	2	1.375
1588	0	0	4.81818181818182	1.25	1.125
1589	0	1	3.09090909090909	2.5	1.25
1590	0	1	3.36363636363636	2	1.125
1591	0	0	3.63636363636364	2.25	1.375
1592	-999	0	2.90909090909091	2.75	1.875
1593	1	1	2.45454545454545	2.75	1.625
1594	0	0	3.45454545454545	1.75	1.25
1595	0	1	3.18181818181818	2.5	1.25
1596	-999	1	-999	-999	-999
1597	0	1	2.63636363636364	3.25	1.375
1598	0	0	2.36363636363636	3.25	3.125
1599	0	0	4.36363636363636	1.25	1.25
1600	1	0	4.27272727272727	1.75	1.25
1601	0	0	3.81818181818182	2.5	1.25
1602	0	0	3.72727272727273	1.75	1.625
1603	0	0	-999	-999	-999
1604	0	1	4.18181818181818	1.5	1
1605	0	0	4.36363636363636	1.5	1.375
1606	0	0	3.54545454545455	1.75	1.75
1607	0	0	2.27272727272727	2.25	1.375
1608	0	1	3.72727272727273	1.33333333333333	1.375
1609	1	0	3.72727272727273	2.25	1
1610	1	0	2.90909090909091	3	2.375
1611	1	0	2.09090909090909	2.75	1.42857142857143
1612	1	0	3	3.25	1.625
1613	-999	0	-999	-999	-999
1614	-999	0	3.63636363636364	2.25	1.875
1620	0	1	3.27272727272727	1.25	1
1621	0	0	3.90909090909091	2.25	1.25
1622	0	0	3.90909090909091	1.75	1.125
1623	0	1	3.45454545454545	2.25	1
1624	0	0	4	1	1
1625	0	1	3.27272727272727	1.5	1
1626	0	0	2.9	2	1.5
1627	0	0	3.63636363636364	1.75	1.25
1628	0	0	3.45454545454545	2.75	1.375
1629	0	0	4	1	1.28571428571429
1630	0	0	4.45454545454545	2.75	1.625
1631	0	0	4.72727272727273	2.5	1.5
1632	0	1	3.27272727272727	2.25	1.875
1633	0	1	3.18181818181818	1.75	1
1634	0	1	3.63636363636364	2.75	1
1635	0	1	4	2	1
1636	0	0	3.45454545454545	2	1
1637	0	1	3.63636363636364	2	1.25
1638	0	0	3.63636363636364	2.5	1.125
1639	0	1	3.63636363636364	1.5	1
1640	0	0	5.09090909090909	1	1
1641	0	0	4.36363636363636	1	1
1642	0	0	3.72727272727273	3	1.5
1648	1	1	4.18181818181818	2	1
1649	-999	0	4.4	1	1.125
1650	1	1	4.63636363636364	1.5	1
1651	1	1	4.18181818181818	2.25	1.25
1652	0	0	4	1.75	1.125
1653	1	0	4.09090909090909	1.5	1.5
1654	-999	0	4.45454545454545	2.75	1.5
1655	-999	1	2.63636363636364	2.5	1.25
1656	1	1	4.09090909090909	1.5	1
1657	-999	1	4.90909090909091	1	1
1658	1	0	3	2	1
1659	1	1	4.09090909090909	2.25	1.125
1660	1	0	3.45454545454545	1.25	1.125
1661	-999	1	5.63636363636364	1.75	1.125
1662	1	0	3.6	2	1.75
1663	1	0	3.81818181818182	1.5	1.125
1664	1	0	4.45454545454545	1	1
1665	1	0	3.63636363636364	1	1.5
1666	1	0	3.90909090909091	1.75	1
1667	1	0	4.09090909090909	2.25	2.125
1668	0	0	3.09090909090909	2.5	1.375
1669	1	0	3	2.5	1.625
1670	1	1	3.45454545454545	2.25	1.25
1671	1	0	2.72727272727273	3	1.125
1672	1	0	3.09090909090909	2	1.375
1673	1	0	4.09090909090909	2	1
1674	0	1	3.54545454545455	2	1.25
1675	0	1	3.36363636363636	2.5	1.5
1676	-999	0	2.90909090909091	1.75	1.25
1677	0	0	3.90909090909091	2	1
1678	1	1	3.81818181818182	2	1
1679	0	1	4.3	2.5	1.5
1680	1	0	4	1.75	1
1681	1	0	4.90909090909091	1.75	1
1682	-999	1	4.4	1.25	1.25
1683	1	0	4.54545454545455	1.75	1.625
1684	1	1	3.72727272727273	3	1.5
1685	1	1	2.72727272727273	2.25	1.5
1686	0	0	4.18181818181818	1.25	1
1687	0	1	3.45454545454545	2.75	1.25
1688	1	0	4.36363636363636	2	1
1689	1	1	3.36363636363636	2.5	1.625
1690	0	0	4.18181818181818	2	1
1691	1	1	4	2	1
1692	1	0	3.4	2	1
1693	1	1	4.27272727272727	1.5	1
1694	0	0	3	2.5	1.5
1695	1	0	4.09090909090909	1	1
1696	1	0	2.81818181818182	2.25	1
1697	1	0	4.09090909090909	2.25	2.375
1698	1	1	3	2.75	1
1699	1	1	3.18181818181818	2	1.375
1700	0	1	3.09090909090909	2.75	2
1701	-999	1	4.36363636363636	1.5	1.125
1702	0	1	3.09090909090909	3.75	1.625
1703	1	0	4.09090909090909	1	1
1704	1	1	3.54545454545455	2	1
1705	0	1	3.36363636363636	2.5	2.25
1706	0	1	-999	-999	-999
1707	1	0	2.45454545454545	3.25	2.375
1708	0	0	3.63636363636364	2	1.125
1709	1	1	-999	-999	-999
1710	1	1	2.81818181818182	2.25	1.5
1711	1	0	3.81818181818182	1	1
1712	1	1	2.90909090909091	2.75	1.625
1713	-999	1	3.6	1.25	1
1714	-999	0	4.45454545454545	1	1.125
1715	-999	1	3.63636363636364	2.75	1.25
1716	-999	0	3.90909090909091	1.5	2
1717	1	0	3.09090909090909	2	1.25
1718	-999	0	4	1.5	1.125
1719	-999	1	4.81818181818182	1.5	1
1720	-999	1	3.45454545454545	1.75	1.125
1721	-999	1	4.18181818181818	2.5	1.75
1722	-999	1	3.09090909090909	2.75	1.125
1723	-999	1	4.45454545454545	2	1.375
1724	-999	1	-999	-999	-999
1725	-999	1	3.36363636363636	2.25	1
1726	-999	1	3	2.5	1.75
1727	-999	1	-999	-999	-999
1728	-999	0	3.63636363636364	1.5	1.375
1729	-999	1	3.45454545454545	1.66666666666667	1
1730	-999	0	3.63636363636364	1.5	1.125
1731	-999	1	3.54545454545455	2.5	1.25
1732	-999	0	4.18181818181818	1	1.375
1733	-999	1	3.63636363636364	3	1.25
1734	-999	0	3.72727272727273	1.75	1
1735	-999	1	4.27272727272727	2.5	1.625
1736	0	1	4.33333333333333	2.5	1
1737	1	1	4.09090909090909	1.5	1.125
1738	1	0	4.36363636363636	2.25	1.125
1739	1	0	2.81818181818182	2.25	2
1740	1	1	3.09090909090909	2.25	1.375
1741	-999	1	1.90909090909091	3.75	1.375
1742	1	1	4.90909090909091	1.75	1.28571428571429
1743	1	0	4.54545454545455	1	1.25
1744	1	0	4	2	1.25
1745	1	0	2.81818181818182	3.5	2
1746	-999	1	3.90909090909091	2	1.125
1747	0	0	3	1.75	1.25
1748	1	0	4.27272727272727	1	1
1749	1	0	3.90909090909091	2	1.625
1750	1	1	3.54545454545455	2.75	1.75
1751	1	1	3.81818181818182	1.5	1
1752	1	1	3.90909090909091	1.25	1
1753	1	0	3.1	1.75	1.125
1754	-999	0	4.27272727272727	1.75	1
1755	1	1	3.09090909090909	2.25	1.375
1756	1	1	3.90909090909091	1.5	1.125
1757	1	0	3.81818181818182	1.25	1
1758	-999	0	4.27272727272727	1.25	1.125
1759	1	1	5.36363636363636	1	1
1760	1	0	4.90909090909091	2	2.375
1761	1	1	4.09090909090909	1	1
1762	0	0	-999	-999	-999
1763	0	1	4.90909090909091	1	1
1764	-999	1	4.36363636363636	1.5	1
1765	-999	0	3.36363636363636	2.25	1.25
1766	-999	0	4.09090909090909	1.5	1.125
1767	-999	0	4	1	1.25
1768	-999	1	4.27272727272727	2	1.125
1769	-999	0	4.63636363636364	1.5	1.875
1770	-999	1	2.77777777777778	3	1.28571428571429
1771	-999	0	4.36363636363636	1.25	1.25
1772	-999	0	3.18181818181818	2	1.125
1773	-999	0	3.09090909090909	1.75	1.375
1774	-999	1	3.90909090909091	1.25	1.125
1775	-999	1	4.18181818181818	1.25	1.125
1776	-999	0	3.90909090909091	2.5	1.25
1777	-999	1	3.81818181818182	2.25	1
1778	1	0	3.54545454545455	2	1.75
1779	0	0	4.36363636363636	1.5	1.625
1780	-999	1	-999	-999	-999
1781	0	1	4.54545454545455	1.5	1
1782	0	1	3.45454545454545	2	1.125
1783	1	1	3.45454545454545	1.5	1.5
1784	0	0	3.63636363636364	2	2
1785	1	0	4.81818181818182	1	2.125
1786	-999	0	4.18181818181818	1	1.25
1787	1	0	4.3	2.25	1.75
1788	-999	0	4	2.5	2.85714285714286
1789	-999	1	-999	-999	-999
1790	0	1	4.45454545454545	1.25	1.375
1791	1	1	3.7	1.5	1
1792	1	0	4.7	1	1
1793	1	1	3.90909090909091	1.5	1
1794	1	1	4.09090909090909	1	1.125
1795	1	0	4.63636363636364	1	1.125
1796	1	0	3.18181818181818	2	1.375
1797	1	0	4.72727272727273	1	1
1798	1	0	4	1	1
1799	-999	1	-999	-999	-999
1800	1	0	5	-999	1
1801	1	0	4	1	1
1802	1	1	4.54545454545455	1.5	1.125
1803	1	0	3.8	1.5	1.5
1804	-999	0	4.27272727272727	1.75	1.375
1805	1	0	4.36363636363636	2.5	1
1806	-999	1	-999	-999	-999
1807	1	1	3.18181818181818	1.75	1.125
1808	1	0	3.90909090909091	1	1
1809	1	0	4.45454545454545	2	1
1810	1	1	3.63636363636364	1.25	1
1811	1	0	3.27272727272727	2.25	1.25
1812	1	0	3.27272727272727	1.5	1.75
1813	1	0	4.09090909090909	1.25	1
1814	1	1	3.09090909090909	1.75	1.375
1815	1	1	3.63636363636364	1.5	1
1816	1	0	4	2	1.25
1817	-999	0	3.27272727272727	1.75	1.125
1818	1	1	4.36363636363636	1.5	1
1819	-999	1	3.09090909090909	2	1.375
1820	-999	1	3.63636363636364	2.5	1.625
1823	1	0	3.36363636363636	1.66666666666667	1.125
1824	-999	1	-999	-999	-999
1825	1	1	3.5	2	1.375
1826	1	0	4.36363636363636	2	1.125
1827	1	0	3.81818181818182	1.5	1.125
1828	1	0	-999	-999	-999
1829	1	0	4.2	2	1.5
1830	-999	0	4.27272727272727	1.75	1
1831	1	0	3.36363636363636	1.5	1
1832	1	0	3.81818181818182	2.75	1.375
1833	0	1	4.27272727272727	2	1
1834	1	0	4.90909090909091	1	1.375
1835	1	1	4.6	1	1
1836	-999	0	3.81818181818182	1.5	1.25
1837	1	0	-999	-999	-999
1838	1	0	3.27272727272727	1.5	1.125
1839	1	1	4.18181818181818	1.5	1
1840	1	1	3.45454545454545	1.75	1.25
1841	0	0	3.45454545454545	1.75	1.5
1842	1	1	4.18181818181818	1.75	1
1843	1	1	3.45454545454545	1.25	1.125
1844	1	0	4.45454545454545	1.5	1.375
1846	1	0	2.90909090909091	1.5	1.5
1847	-999	1	-999	-999	-999
1848	1	0	3.2	1.5	1.75
1849	1	0	3.27272727272727	1.5	1
1850	1	1	3.9	1.66666666666667	1.375
1851	1	0	3.45454545454545	1.25	1.125
1852	1	1	-999	-999	-999
1853	1	1	2.36363636363636	2	1
1854	1	0	2.72727272727273	1.5	1
1855	1	0	3.90909090909091	1.5	1.5
1856	1	1	3.63636363636364	1.75	1
1857	1	0	4.09090909090909	1	1
1858	1	0	2.7	3.25	1.5
1859	0	0	4.27272727272727	1.25	1
1860	1	1	2.45454545454545	1.25	1.25
1861	-999	1	-999	-999	-999
1862	1	1	2.27272727272727	2.25	1.375
1863	1	1	3.90909090909091	2.5	1.5
1864	1	0	3.81818181818182	2	1.5
1865	0	1	-999	-999	-999
1866	1	0	4.1	1.5	1
1867	1	0	3.54545454545455	2	1
1869	1	0	4.7	1.25	1
1870	1	1	3.81818181818182	2	1.25
1871	-999	1	3.45454545454545	2.75	1.25
1872	-999	0	3.81818181818182	1	1
1873	-999	1	4.2	2.25	1
1874	-999	1	4.27272727272727	1.5	1.375
1875	1	1	3.63636363636364	2	1.625
1876	-999	0	3.18181818181818	1.5	1.25
1877	-999	0	-999	-999	-999
1878	-999	1	3.36363636363636	2.25	1.375
1879	-999	0	3.90909090909091	2	1.375
1880	1	0	4	1.25	1
1881	-999	1	3.81818181818182	1.75	1
1882	1	0	4.54545454545455	1	1.125
1883	-999	0	3.36363636363636	3	3.125
1884	-999	1	-999	-999	-999
1885	1	1	3.72727272727273	1	1.125
1886	-999	1	3.27272727272727	2.25	1.625
1887	1	1	3.36363636363636	1.75	1
1888	1	1	3.36363636363636	2.25	1.125
1889	-999	1	-999	-999	-999
1890	1	1	-999	-999	-999
1891	-999	0	4.72727272727273	1.25	1
1892	1	1	3.36363636363636	2.75	1.375
1893	-999	1	4.18181818181818	1.75	1
1894	-999	1	3.90909090909091	1.75	1
1895	-999	0	4.27272727272727	1.25	1.625
1896	1	1	3.18181818181818	1.25	1.125
1897	1	1	3.54545454545455	2	1.875
1898	1	0	5	1	1
1899	1	0	4.45454545454545	1.5	1
1901	1	0	3.90909090909091	1.25	1.125
1902	1	0	3.81818181818182	1.5	1.125
1903	1	1	3.72727272727273	2.75	1.25
1904	0	1	-999	-999	-999
1905	1	0	3.8	2	1.625
1906	1	1	3.8	1.75	1.125
1907	1	1	4.63636363636364	2	1
1908	1	1	4.54545454545455	1.5	1
1909	1	1	4.36363636363636	2.5	1
1910	-999	1	3.54545454545455	2.5	1.125
1911	1	1	3.54545454545455	2.5	1.25
1912	1	1	-999	-999	-999
1913	1	0	2.63636363636364	1.5	1.125
1914	1	1	4	2.25	1
1915	-999	1	4.54545454545455	1.75	1.125
1916	1	1	2.9	2.5	1.375
1917	1	1	-999	-999	-999
1918	1	0	3.63636363636364	1	1
1919	1	1	4	1.5	1.125
1920	1	0	2.54545454545455	2.25	1
1921	1	1	-999	-999	-999
1922	1	1	-999	-999	-999
1923	-999	1	3.81818181818182	2	1.125
1924	1	1	4	1.5	1.125
1925	-999	0	4.27272727272727	2	1.625
1926	1	0	4.81818181818182	1	1
1927	1	0	3	1.75	1.125
1928	1	1	3.9	2.5	1.25
1929	1	0	4	2.5	1
1930	1	0	4.18181818181818	1.5	1
1931	1	0	5.45454545454545	1	1
1932	1	0	3.27272727272727	2	1.375
1933	1	1	3.36363636363636	1.25	1.5
1934	1	0	4.18181818181818	1	1.375
1936	-999	0	4.36363636363636	2.5	1.875
1937	1	1	3.6	2	1.625
1938	-999	1	4.72727272727273	2	1.125
1939	1	1	3.36363636363636	1.5	1.25
1940	-999	0	4	1.75	1.875
1941	1	1	4	2.5	1
1942	1	0	1.81818181818182	2	1.125
1943	1	1	2.72727272727273	2.66666666666667	1.625
1944	1	0	4	1.25	1.125
1945	1	0	-999	-999	-999
1946	1	0	3.36363636363636	1.5	1.375
1947	1	1	4.27272727272727	2.25	1.125
1948	1	0	4.18181818181818	1.5	1.125
1949	1	0	5.18181818181818	1	1
1950	1	1	4.81818181818182	2.75	1.625
1951	-999	0	4	1.75	1.125
1952	1	0	3.72727272727273	1	1.25
1953	1	1	3.72727272727273	1.75	1
1954	1	1	4	1.5	1.125
1955	1	0	3.6	2.25	1.5
1956	1	0	3.63636363636364	2.75	1.25
1957	1	1	5.18181818181818	2.25	1
1958	0	0	3.27272727272727	2.5	1.25
1959	1	0	3.36363636363636	1.5	1.375
1960	1	0	4.09090909090909	1.5	1.125
1961	1	0	4.45454545454545	1.75	1
1967	1	0	3.72727272727273	1	1
1968	1	1	3.36363636363636	2.25	1.5
1969	1	0	4.09090909090909	2.75	1.875
1970	0	0	-999	-999	-999
1971	1	0	5.45454545454545	1.75	1
1972	1	1	3.90909090909091	1.75	1.25
1973	1	0	3.45454545454545	1.25	1.625
1974	1	0	4.81818181818182	1.25	1
1975	-999	0	4.36363636363636	2	1
1976	0	1	4.1	1.5	1
1977	-999	1	3.54545454545455	3.25	1.75
1978	1	0	4	1.75	1.125
1979	1	0	3.18181818181818	2.5	1.375
1980	1	0	3.54545454545455	2	1.625
1981	1	1	4.45454545454545	2	1
1982	1	1	4.09090909090909	3	1.125
1983	1	0	4.27272727272727	1	1
1984	1	0	3.36363636363636	2.25	1.625
1985	1	1	4.9	1.5	1.875
1986	0	0	3.72727272727273	2.75	2.75
1987	1	1	5.27272727272727	1.25	1.125
1988	-999	0	4.09090909090909	1	1.75
1989	-999	1	4.36363636363636	2	1.25
1994	-999	1	-999	-999	-999
1995	0	1	-999	-999	-999
1996	-999	-999	4.09090909090909	1.5	1
1997	-999	0	3.72727272727273	2.5	1.625
1998	1	0	3.36363636363636	1.75	1.25
2000	-999	0	3	2.5	1
2001	1	0	2.45454545454545	2.33333333333333	1.25
2002	1	0	3.45454545454545	2	1
2003	-999	0	3.36363636363636	2.25	1.5
2004	-999	1	3.9	3	1.75
2005	1	0	3.36363636363636	2	1.125
2006	1	0	3.72727272727273	1.5	1.375
2007	1	0	5.1	1.5	1
2008	1	0	3.90909090909091	1.75	1.25
2009	1	1	3.09090909090909	2.5	1.5
2010	1	0	4.36363636363636	2	1.5
2011	1	1	4.27272727272727	1.75	1.125
2012	1	0	3.27272727272727	3	1.25
2013	1	0	3.54545454545455	3	1.25
2014	1	0	3.9	2	1
2015	1	0	4.1	2.5	1
2016	1	0	3.90909090909091	2	2.375
2017	1	1	4.18181818181818	1.25	2
2018	1	0	4	-999	-999
2019	1	0	4.72727272727273	1	1
2020	1	0	4.27272727272727	1.75	1.25
2021	1	1	4.72727272727273	1	1
2022	1	0	4	1.25	1.125
2023	1	0	4.5	1.5	1.25
2024	-999	1	2.27272727272727	3	1.75
2025	1	1	4.18181818181818	2.25	1.25
2026	1	0	4.2	2.25	1
2028	1	0	4.09090909090909	1	1
2029	1	0	4.63636363636364	1.25	1.25
2030	1	-999	3.54545454545455	2	1.5
2031	1	-999	4.63636363636364	1.25	1
2032	1	0	4.3	1.75	1
2033	1	0	4.72727272727273	1	1.125
2034	1	1	3.45454545454545	2.75	2.125
2035	1	1	4	1.75	1.25
2036	1	0	3.81818181818182	1.25	1.42857142857143
2037	1	1	4.36363636363636	1.25	1
2038	1	0	4.72727272727273	1.5	1
2039	-999	1	3.6	2.25	1
2040	0	1	3.45454545454545	2.25	1.5
2041	1	0	-999	-999	-999
2042	1	-999	-999	-999	-999
