124	38	-999	-999	107	1
123	43	25	-999	119	2
122	39	-999	-999	112	2
118	38	-999	-999	116	2
109	32	-999	-999	100	2
109	34	20	-999	96	1
105	55	18	-999	95	1
98	57	14	-999	91	1
93	32	27	-999	98	1
91	38	22	-999	82	1
87	47	-999	-999	102	2
86	50	18	-999	94	1
77	66	29	-999	86	1
55	52	25	-999	76	1
19	42	-999	-999	59	1
-999	40	-999	-999	127	2
-999	75	-999	-999	-999	1
-999	67	-999	-999	-999	1
-999	40	-999	-999	-999	1
-999	38	-999	-999	-999	1
-999	-999	-999	-999	-999	1
145	41	24	30	124	1
120	33	23	30	120	1
115	41	22	30	170	2
160	42	26	29	129	2
129	33	30	29	168	1
129	41	29	29	143	2
126	59	17	29	121	2
109	54	13	29	131	1
97	35	24	29	143	2
168	36	26	28	156	1
144	36	24	28	154	2
119	39	29	28	98	1
118	36	24	28	141	2
114	36	25	28	107	1
109	36	28	28	168	2
109	52	27	28	117	1
99	38	29	28	98	1
129	45	26	27	132	1
121	39	26	27	148	1
121	39	25	27	116	2
119	49	24	27	154	2
114	41	23	27	115	1
113	55	25	27	149	1
111	39	22	27	113	2
109	39	24	27	152	2
100	37	28	27	85	1
95	42	19	27	92	2
171	35	24	26	168	1
168	33	22	26	165	1
143	40	24	26	122	2
127	33	29	26	149	1
121	40	29	26	145	1
121	39	25	26	141	2
115	39	25	26	121	2
109	33	24	26	96	2
106	37	25	26	136	2
102	34	26	26	184	2
102	35	29	26	100	2
99	43	23	26	127	2
98	38	25	26	93	2
94	33	24	26	105	2
91	34	30	26	88	2
89	34	29	26	173	2
-999	39	23	26	107	2
168	36	30	25	165	1
166	37	29	25	150	2
141	37	28	25	114	1
139	47	26	25	178	1
129	37	27	25	163	2
129	35	23	25	133	1
128	32	27	25	168	1
127	35	27	25	125	2
126	35	25	25	115	2
125	36	22	25	136	1
124	50	22	25	130	1
122	35	25	25	106	1
122	33	25	25	106	1
117	63	20	25	169	1
114	34	25	25	129	2
108	37	26	25	123	2
106	47	27	25	174	2
102	32	26	25	132	2
101	43	26	25	113	2
99	37	30	25	168	1
94	33	24	25	97	1
90	61	19	25	78	2
88	48	27	25	105	1
87	43	24	25	83	2
156	37	20	24	182	2
138	43	28	24	135	2
127	50	26	24	144	1
126	36	26	24	107	2
123	35	27	24	148	1
122	37	24	24	143	1
120	38	26	24	111	2
120	36	24	24	81	1
117	32	29	24	118	2
116	36	27	24	140	1
115	51	19	24	116	1
114	49	26	24	102	1
111	54	19	24	113	2
110	37	20	24	115	1
110	38	24	24	113	2
110	35	21	24	112	2
110	33	23	24	94	2
109	38	28	24	124	2
109	54	21	24	100	1
109	48	30	24	98	1
108	39	28	24	120	2
104	58	19	24	107	1
104	33	30	24	97	1
101	33	29	24	144	2
100	42	22	24	97	2
99	42	20	24	116	2
97	44	27	24	90	1
93	46	30	24	141	2
93	39	21	24	98	1
87	35	25	24	88	2
84	55	25	24	99	2
84	61	19	24	98	2
76	34	27	24	91	1
139	36	23	23	154	1
136	36	28	23	113	1
134	38	27	23	125	1
131	55	24	23	122	2
129	48	29	23	106	1
127	44	26	23	112	1
127	40	-999	23	102	1
126	39	24	23	130	2
124	34	21	23	134	1
124	36	25	23	114	1
124	42	-999	23	102	1
122	40	24	23	99	1
120	47	24	23	126	2
118	40	24	23	102	2
117	40	21	23	126	1
116	44	21	23	136	2
114	35	26	23	120	2
112	48	25	23	124	1
108	47	29	23	112	2
105	45	25	23	122	2
105	48	24	23	96	2
105	62	25	23	88	1
103	48	23	23	93	1
102	35	25	23	99	2
102	36	25	23	93	1
101	43	29	23	114	2
101	34	24	23	96	1
100	34	29	23	93	2
98	56	22	23	115	2
98	33	29	23	107	1
97	39	25	23	97	2
95	57	29	23	146	2
94	42	16	23	115	2
94	65	26	23	95	1
94	52	24	23	94	2
91	45	25	23	79	2
90	40	26	23	96	1
143	45	24	22	102	1
140	32	23	22	117	1
132	35	24	22	128	1
130	32	22	22	148	1
130	32	26	22	114	1
127	39	25	22	115	2
127	35	19	22	115	1
126	41	26	22	124	1
126	34	24	22	113	2
125	37	26	22	116	1
125	61	24	22	111	1
124	32	29	22	165	1
120	35	24	22	144	2
120	41	27	22	140	1
120	32	27	22	101	2
118	34	27	22	100	2
117	39	-999	22	103	1
116	33	24	22	107	1
116	49	18	22	106	1
115	39	26	22	141	2
115	32	23	22	130	1
115	32	22	22	123	1
113	36	21	22	146	1
113	35	24	22	112	1
112	44	30	22	100	2
111	37	26	22	162	2
111	45	21	22	110	2
110	51	27	22	115	1
109	34	29	22	141	1
105	35	21	22	98	1
103	46	30	22	115	1
103	73	19	22	94	2
102	33	19	22	148	2
102	33	24	22	116	1
101	42	25	22	95	1
100	42	30	22	149	2
99	43	23	22	128	1
99	39	18	22	107	1
97	35	26	22	168	2
97	45	30	22	94	2
95	33	24	22	127	1
94	34	30	22	95	1
93	36	30	22	89	2
91	33	24	22	94	1
91	42	23	22	89	1
90	49	15	22	93	2
135	38	28	21	109	1
134	38	24	21	157	1
134	37	-999	21	126	1
133	41	23	21	154	2
133	35	24	21	134	1
133	50	26	21	128	2
132	55	25	21	114	1
126	34	28	21	136	1
125	39	-999	21	130	1
123	35	29	21	148	1
123	32	30	21	124	2
123	39	25	21	111	1
123	41	25	21	96	2
122	60	27	21	122	2
122	33	25	21	115	1
121	49	27	21	140	2
120	32	30	21	115	2
119	40	29	21	136	1
119	38	23	21	88	1
118	37	25	21	116	2
118	45	25	21	114	1
118	45	23	21	109	1
117	41	24	21	148	2
116	39	22	21	120	2
116	32	15	21	101	2
115	40	26	21	107	1
114	39	21	21	100	2
114	39	28	21	95	1
114	37	27	21	95	1
113	34	30	21	114	2
113	56	30	21	106	1
112	54	23	21	122	2
112	40	-999	21	116	2
111	38	-999	21	87	1
110	36	23	21	107	1
109	34	23	21	168	1
109	37	27	21	152	1
109	59	23	21	91	1
107	43	28	21	103	2
107	36	24	21	100	1
107	36	26	21	94	2
106	37	24	21	149	2
106	50	23	21	103	1
106	66	26	21	94	1
105	40	24	21	112	2
105	33	26	21	94	1
104	32	30	21	148	2
104	46	20	21	131	2
104	32	30	21	114	1
101	42	24	21	123	2
101	33	29	21	115	2
101	33	26	21	113	2
101	46	24	21	112	1
101	32	26	21	99	1
100	42	21	21	113	2
100	46	27	21	99	2
99	40	27	21	167	2
99	54	25	21	114	2
98	32	24	21	91	2
97	33	22	21	168	1
97	32	25	21	101	1
97	34	22	21	96	2
97	42	26	21	95	2
97	40	30	21	94	1
96	35	24	21	102	2
95	36	22	21	114	2
94	51	30	21	105	2
94	35	30	21	98	2
94	65	20	21	94	2
93	36	23	21	95	1
93	35	27	21	90	1
92	38	25	21	107	2
92	42	20	21	98	2
92	54	27	21	95	2
91	42	21	21	112	1
90	45	24	21	106	1
88	40	29	21	87	2
87	49	24	21	93	2
84	44	-999	21	111	2
77	52	27	21	89	1
150	32	-999	20	132	2
146	36	30	20	118	1
146	43	24	20	116	2
144	41	27	20	184	2
139	39	24	20	113	1
138	42	-999	20	133	1
138	46	15	20	113	1
137	49	28	20	129	2
137	36	25	20	123	2
137	33	28	20	100	1
133	35	29	20	107	2
133	37	28	20	95	1
132	47	-999	20	143	1
132	36	-999	20	121	2
132	51	30	20	117	1
130	35	21	20	165	2
127	33	27	20	138	2
127	32	30	20	96	2
125	41	25	20	170	1
125	40	16	20	105	2
124	44	26	20	118	2
124	39	24	20	108	1
123	35	26	20	148	2
123	33	19	20	98	2
122	58	19	20	114	1
121	37	28	20	161	2
119	35	24	20	145	2
119	39	30	20	113	2
118	36	30	20	99	1
117	34	-999	20	120	2
117	39	25	20	108	2
115	60	21	20	120	1
115	39	30	20	89	2
114	53	22	20	120	1
114	61	23	20	115	1
114	41	-999	20	115	2
113	46	24	20	122	1
113	54	30	20	109	2
113	32	30	20	99	1
111	38	29	20	146	1
111	44	25	20	94	1
110	46	27	20	145	2
109	35	20	20	116	2
109	35	21	20	113	2
109	34	28	20	98	2
108	36	25	20	101	1
107	32	29	20	104	2
106	32	21	20	101	2
104	37	24	20	104	2
104	35	24	20	104	1
103	-999	24	20	110	2
102	49	16	20	144	2
102	39	22	20	105	1
102	53	24	20	99	2
101	47	17	20	106	2
99	34	23	20	95	1
98	53	24	20	97	2
98	43	-999	20	92	2
97	40	19	20	136	2
97	37	-999	20	125	2
97	42	23	20	121	1
97	41	27	20	113	1
97	49	23	20	101	1
96	44	24	20	130	1
96	39	30	20	98	2
96	46	28	20	97	1
95	63	-999	20	145	1
95	33	23	20	92	1
94	36	27	20	96	2
94	40	24	20	94	2
94	33	21	20	93	2
94	48	24	20	84	1
93	40	26	20	183	1
93	46	17	20	130	2
93	35	22	20	111	2
93	38	22	20	98	1
92	35	20	20	92	2
91	36	27	20	132	2
91	34	26	20	88	2
90	35	23	20	124	2
89	40	30	20	95	1
88	45	24	20	88	2
87	41	19	20	97	1
86	38	29	20	91	2
85	57	17	20	95	1
81	48	21	20	81	2
80	45	22	20	78	2
78	44	29	20	168	2
78	41	30	20	141	2
142	69	-999	19	120	1
142	38	30	19	110	1
140	37	22	19	136	2
138	46	20	19	117	1
136	33	23	19	116	1
133	45	20	19	109	2
132	43	21	19	110	2
130	34	29	19	115	1
130	42	29	19	111	1
129	32	26	19	102	1
128	49	-999	19	118	2
127	33	29	19	115	1
127	45	21	19	115	2
125	44	-999	19	143	1
125	32	27	19	135	2
125	47	28	19	129	1
125	35	30	19	98	2
124	35	-999	19	132	2
124	42	26	19	108	1
123	41	29	19	131	1
122	38	22	19	112	1
121	37	26	19	117	2
120	42	25	19	112	1
119	39	22	19	128	1
118	42	-999	19	109	2
118	43	24	19	108	1
118	32	22	19	103	1
117	35	24	19	143	2
117	40	26	19	122	2
115	40	29	19	122	1
115	33	26	19	113	1
115	37	21	19	109	1
113	33	25	19	116	2
113	34	-999	19	112	2
113	45	25	19	110	1
113	38	30	19	109	2
112	34	26	19	118	2
110	36	-999	19	128	2
109	43	23	19	127	1
109	51	17	19	107	1
109	40	24	19	98	1
108	33	-999	19	132	2
108	43	25	19	115	1
108	35	28	19	103	2
108	35	26	19	100	2
108	35	-999	19	95	1
107	33	29	19	101	1
107	57	17	19	87	1
106	44	26	19	115	1
106	42	27	19	114	2
105	56	19	19	130	2
105	34	25	19	98	2
104	49	22	19	121	2
104	44	-999	19	106	1
104	46	20	19	91	1
103	35	25	19	110	1
102	34	24	19	112	1
102	47	21	19	96	1
101	51	22	19	101	2
101	40	27	19	100	1
100	33	30	19	129	2
99	35	25	19	118	2
99	48	18	19	106	1
99	41	-999	19	106	1
99	46	20	19	100	1
99	54	27	19	98	1
99	36	28	19	94	2
99	47	29	19	91	1
99	43	25	19	91	1
98	38	24	19	102	2
97	34	27	19	104	2
97	51	26	19	99	2
97	39	26	19	96	1
96	32	30	19	122	2
96	47	18	19	116	1
96	49	17	19	109	1
96	45	23	19	100	1
96	-999	22	19	97	1
96	50	21	19	89	1
96	54	29	19	84	2
95	35	26	19	95	2
95	55	-999	19	84	1
95	45	26	19	82	2
95	36	28	19	79	2
94	33	25	19	148	2
94	48	30	19	113	2
94	41	27	19	102	1
94	79	15	19	102	1
94	44	21	19	96	2
94	34	23	19	92	2
94	38	29	19	91	2
94	53	23	19	91	2
94	42	20	19	91	2
94	48	26	19	86	2
93	33	29	19	99	2
93	35	30	19	98	2
91	38	22	19	95	2
90	43	23	19	114	2
90	39	29	19	91	1
89	39	28	19	93	1
89	52	30	19	85	1
88	51	30	19	101	1
88	49	23	19	99	2
88	36	23	19	89	2
87	41	21	19	100	2
86	34	21	19	143	1
86	38	18	19	85	2
86	37	29	19	84	1
79	39	-999	19	90	1
79	50	27	19	87	2
77	52	21	19	71	2
74	33	29	19	68	1
57	44	30	19	112	1
-999	40	26	19	-999	2
-999	77	23	19	-999	2
151	38	-999	18	136	2
142	41	-999	18	137	2
136	50	17	18	109	1
136	35	30	18	108	2
133	34	22	18	134	2
133	36	-999	18	113	1
132	39	23	18	110	2
131	33	22	18	96	2
128	35	22	18	110	2
127	37	25	18	126	1
127	43	22	18	111	1
127	-999	27	18	94	1
126	38	-999	18	125	2
125	36	27	18	155	2
124	37	25	18	126	2
124	39	28	18	111	2
124	37	24	18	100	1
123	45	27	18	145	1
123	39	29	18	105	2
123	53	23	18	98	1
122	37	30	18	155	1
122	40	29	18	118	2
122	32	26	18	112	2
121	44	28	18	125	2
121	34	24	18	97	1
119	33	25	18	112	1
119	42	26	18	90	1
118	47	26	18	149	2
118	45	24	18	134	1
118	46	14	18	125	2
118	38	24	18	119	2
118	47	-999	18	102	2
117	38	-999	18	98	1
116	36	25	18	117	1
116	42	21	18	106	1
115	50	24	18	111	2
115	38	30	18	100	1
115	40	-999	18	97	1
115	43	24	18	94	1
113	35	27	18	100	2
113	37	22	18	97	2
113	47	24	18	91	1
112	36	24	18	96	1
111	44	30	18	128	2
111	39	30	18	115	1
110	41	26	18	120	2
110	32	27	18	108	2
110	32	22	18	98	1
109	50	27	18	141	2
109	67	18	18	106	2
109	32	24	18	102	1
108	41	22	18	118	2
107	36	23	18	121	2
107	32	18	18	99	2
106	45	30	18	122	2
106	39	28	18	110	1
106	49	-999	18	100	2
105	41	30	18	93	2
105	75	22	18	91	2
104	47	23	18	120	2
104	45	25	18	108	2
104	48	23	18	103	2
104	41	22	18	99	1
104	32	24	18	91	1
103	36	23	18	120	1
102	39	23	18	165	2
102	37	24	18	110	2
102	41	23	18	97	1
101	52	24	18	113	2
101	35	23	18	94	2
100	39	17	18	118	2
100	43	-999	18	106	2
100	34	-999	18	103	2
100	37	24	18	96	1
99	41	28	18	115	1
99	45	30	18	98	1
99	32	27	18	96	1
99	36	24	18	92	1
99	53	24	18	88	1
99	46	18	18	83	2
98	-999	23	18	105	2
97	49	20	18	117	2
97	34	26	18	116	2
97	36	30	18	109	2
97	36	28	18	106	2
97	36	22	18	99	2
97	45	15	18	94	2
97	33	24	18	92	1
96	45	21	18	122	2
96	42	27	18	110	2
96	42	-999	18	102	1
96	58	24	18	96	2
95	39	22	18	118	1
95	38	30	18	97	2
95	42	25	18	96	1
95	42	24	18	94	2
95	45	19	18	88	1
95	40	28	18	84	2
94	40	24	18	116	2
94	34	30	18	115	2
94	40	20	18	100	2
94	32	25	18	95	2
93	41	-999	18	105	2
93	70	29	18	89	1
92	45	24	18	100	1
92	51	-999	18	98	1
92	43	25	18	95	1
92	44	22	18	95	1
91	46	25	18	107	2
91	51	14	18	104	1
91	39	26	18	88	1
90	44	25	18	136	2
90	68	22	18	115	1
90	46	28	18	104	2
89	53	27	18	123	2
88	-999	19	18	84	1
88	40	23	18	72	1
87	32	23	18	85	1
86	43	30	18	129	1
84	55	30	18	94	1
84	33	27	18	86	2
82	44	24	18	99	2
79	32	20	18	130	2
79	49	16	18	95	2
76	36	25	18	78	1
67	72	25	18	85	2
54	85	-999	18	68	1
-999	36	24	18	94	2
145	33	28	17	106	1
143	44	-999	17	130	1
142	54	-999	17	116	1
139	34	26	17	114	2
136	49	24	17	118	2
132	43	24	17	144	2
132	38	-999	17	129	2
131	39	-999	17	110	2
129	51	-999	17	148	2
129	35	30	17	116	2
129	42	24	17	113	2
129	36	22	17	99	1
128	54	20	17	135	1
128	46	21	17	133	2
128	36	23	17	113	2
128	51	-999	17	110	2
128	38	26	17	103	2
127	34	28	17	142	1
127	47	22	17	118	1
127	37	-999	17	116	1
127	43	-999	17	109	2
127	33	21	17	105	1
126	45	23	17	115	1
125	36	-999	17	131	2
125	43	23	17	101	2
125	57	28	17	94	2
124	33	25	17	107	1
123	35	-999	17	131	2
123	47	-999	17	123	1
123	64	-999	17	109	1
123	33	22	17	99	1
122	42	24	17	102	1
122	41	29	17	95	2
120	40	26	17	136	1
120	40	-999	17	116	2
120	34	-999	17	107	1
120	36	-999	17	98	1
119	48	-999	17	112	2
119	32	14	17	102	2
118	40	24	17	118	2
118	33	23	17	108	1
118	44	23	17	105	1
117	45	-999	17	119	1
116	36	28	17	145	1
116	37	23	17	117	1
116	43	-999	17	106	2
116	35	26	17	99	1
116	51	24	17	99	2
115	37	25	17	122	2
115	32	29	17	118	2
115	48	24	17	107	1
115	46	27	17	92	1
115	39	27	17	89	1
114	39	25	17	117	2
113	60	-999	17	106	1
113	32	-999	17	106	1
113	45	24	17	99	2
113	34	27	17	98	2
112	37	25	17	99	1
112	41	26	17	96	2
112	38	25	17	96	2
111	34	25	17	122	1
111	39	29	17	107	1
110	36	29	17	118	1
110	35	30	17	107	1
109	52	30	17	119	2
109	39	30	17	117	1
109	48	28	17	116	1
109	34	-999	17	115	1
109	35	22	17	99	1
108	42	29	17	122	1
108	39	20	17	103	2
106	37	-999	17	144	2
106	47	28	17	126	1
106	37	18	17	109	1
106	39	25	17	101	2
106	32	27	17	96	1
106	44	24	17	93	2
105	43	22	17	120	2
105	38	29	17	112	2
105	32	-999	17	112	1
105	38	30	17	99	1
105	38	29	17	98	1
104	36	26	17	102	2
104	68	30	17	98	2
103	36	22	17	117	2
103	40	-999	17	111	2
103	34	25	17	108	1
103	49	29	17	99	2
103	41	23	17	98	1
103	36	27	17	96	1
103	45	25	17	-999	1
102	61	-999	17	115	2
102	42	26	17	95	1
102	44	27	17	89	2
101	48	22	17	126	2
101	38	24	17	115	2
101	39	26	17	112	1
101	39	-999	17	109	2
101	55	15	17	107	2
100	45	26	17	112	1
100	50	28	17	88	1
100	53	24	17	87	1
99	39	-999	17	124	2
99	41	17	17	115	1
99	41	23	17	114	2
99	32	25	17	105	1
99	42	22	17	101	1
99	41	18	17	101	1
99	58	26	17	100	2
99	33	25	17	100	2
99	35	-999	17	99	2
99	34	30	17	94	2
99	35	15	17	88	2
98	32	-999	17	119	1
98	32	21	17	101	2
98	38	24	17	100	2
98	36	22	17	94	2
98	66	29	17	81	1
97	44	16	17	118	1
97	35	24	17	115	2
97	52	-999	17	106	1
97	35	24	17	100	1
97	35	29	17	99	2
97	42	19	17	98	2
97	41	19	17	86	1
96	33	25	17	109	2
96	37	23	17	93	2
95	33	25	17	111	2
95	61	20	17	109	2
95	56	24	17	106	2
95	42	23	17	96	1
95	50	-999	17	96	1
94	47	28	17	92	2
94	36	25	17	91	2
94	63	20	17	91	1
94	36	22	17	89	1
94	34	25	17	88	2
93	36	27	17	125	2
93	39	21	17	117	2
93	35	-999	17	116	2
93	32	29	17	89	2
92	35	29	17	96	1
92	66	25	17	88	2
92	45	26	17	86	1
91	44	20	17	92	2
91	33	25	17	91	1
90	42	28	17	82	2
89	40	24	17	98	2
88	66	30	17	128	1
88	38	28	17	98	2
88	50	22	17	83	2
88	40	22	17	81	1
87	72	27	17	107	2
87	39	18	17	92	1
86	33	29	17	107	2
86	36	28	17	96	1
86	40	26	17	95	2
86	32	30	17	66	2
85	48	30	17	90	2
85	36	19	17	87	1
85	39	29	17	82	1
85	56	25	17	73	2
84	46	25	17	88	2
84	32	30	17	82	2
84	34	25	17	82	1
83	52	21	17	107	2
83	36	27	17	91	1
81	38	24	17	99	2
81	42	27	17	85	2
80	40	26	17	89	1
80	39	-999	17	87	2
79	51	21	17	120	2
79	55	19	17	83	2
79	37	20	17	79	1
78	46	26	17	82	2
74	59	17	17	82	1
68	39	23	17	82	2
63	35	29	17	77	1
156	39	28	16	118	1
144	41	25	16	109	2
141	46	28	16	124	1
135	38	23	16	106	1
134	41	28	16	143	1
134	52	30	16	124	1
134	54	-999	16	116	2
133	37	-999	16	107	1
132	40	26	16	115	1
132	46	-999	16	110	2
131	41	-999	16	131	2
131	32	27	16	99	2
130	47	30	16	139	1
130	45	22	16	132	1
130	34	18	16	100	1
127	44	-999	16	125	1
127	39	27	16	122	2
125	36	20	16	121	1
125	32	-999	16	121	1
125	41	-999	16	100	1
124	37	24	16	139	2
124	33	-999	16	134	1
124	36	26	16	125	1
124	37	23	16	115	1
124	59	24	16	98	1
123	38	22	16	143	2
123	38	-999	16	142	2
123	41	-999	16	118	2
123	38	24	16	116	1
123	37	24	16	113	2
122	48	23	16	127	1
122	37	21	16	120	2
122	38	28	16	118	1
122	46	25	16	109	1
122	45	-999	16	102	1
121	37	30	16	117	1
121	34	-999	16	104	2
121	37	21	16	99	2
120	35	24	16	115	2
120	41	26	16	111	2
120	35	-999	16	91	1
119	37	-999	16	130	2
119	35	-999	16	124	1
119	43	26	16	113	2
119	40	-999	16	102	1
118	45	-999	16	141	2
118	39	27	16	107	2
118	37	18	16	105	1
118	34	28	16	103	1
118	39	24	16	102	1
118	45	24	16	93	2
117	37	-999	16	104	2
117	38	24	16	94	2
116	37	25	16	97	2
115	38	22	16	142	1
114	40	27	16	113	1
114	36	28	16	102	1
114	48	22	16	97	2
114	40	26	16	96	1
113	41	22	16	117	1
113	40	-999	16	91	1
112	43	24	16	123	2
112	46	27	16	92	1
111	48	-999	16	118	2
111	43	21	16	98	1
111	37	-999	16	97	1
110	43	24	16	143	2
110	40	19	16	114	1
110	35	23	16	111	2
110	37	-999	16	111	1
110	35	-999	16	109	1
110	49	-999	16	104	1
110	50	23	16	99	2
110	47	17	16	97	2
110	36	21	16	95	1
109	40	-999	16	122	2
109	32	28	16	115	2
109	36	19	16	114	1
109	33	23	16	113	2
109	60	-999	16	102	2
109	42	-999	16	98	1
109	40	24	16	96	2
109	52	23	16	94	2
108	37	25	16	126	2
108	46	-999	16	107	1
107	39	24	16	116	2
107	38	25	16	109	1
107	37	25	16	98	1
107	34	21	16	94	1
106	33	-999	16	121	2
106	45	21	16	109	2
106	35	-999	16	102	2
106	46	27	16	100	2
105	59	28	16	110	2
105	37	23	16	105	2
105	47	27	16	96	1
105	51	-999	16	96	1
105	40	26	16	94	2
105	42	21	16	93	1
104	39	22	16	105	1
104	43	30	16	102	2
104	41	20	16	88	1
103	52	-999	16	89	2
103	53	26	16	88	2
102	32	29	16	110	2
102	44	24	16	110	2
102	49	24	16	93	2
101	39	24	16	124	2
101	40	28	16	123	2
101	38	22	16	118	1
101	53	-999	16	114	1
101	34	24	16	110	1
101	38	20	16	109	2
101	34	30	16	107	2
101	41	23	16	103	2
101	33	-999	16	101	2
101	37	28	16	99	2
101	62	-999	16	99	1
101	41	25	16	92	2
100	37	24	16	105	2
100	62	30	16	100	1
99	62	20	16	110	1
99	37	21	16	109	2
99	71	27	16	98	2
99	55	22	16	98	1
99	38	22	16	96	2
99	51	14	16	95	1
99	37	18	16	89	2
98	37	24	16	125	2
98	41	30	16	115	2
98	42	18	16	98	2
98	35	-999	16	98	1
98	38	24	16	95	1
98	32	27	16	90	1
98	42	30	16	89	1
97	43	27	16	141	2
97	33	17	16	123	2
97	41	27	16	109	2
97	42	18	16	104	1
97	40	20	16	96	2
97	38	25	16	92	1
97	35	18	16	88	1
96	55	30	16	113	2
96	40	29	16	110	2
96	42	26	16	95	2
96	36	23	16	92	1
95	45	-999	16	109	2
95	38	25	16	99	1
95	49	21	16	84	2
94	37	29	16	117	2
94	-999	24	16	116	2
94	59	29	16	115	2
94	45	27	16	111	1
94	44	9	16	105	1
94	66	15	16	102	2
94	34	27	16	97	2
94	37	20	16	97	1
94	40	30	16	96	2
94	43	25	16	96	2
94	36	29	16	94	1
94	50	27	16	89	2
93	36	-999	16	135	2
93	49	27	16	117	1
93	50	30	16	99	1
93	32	30	16	92	2
93	35	27	16	90	2
93	38	27	16	88	1
92	44	24	16	105	1
92	58	24	16	93	1
91	41	30	16	102	2
91	34	28	16	100	2
91	40	25	16	89	1
91	52	24	16	74	1
90	42	-999	16	124	1
90	45	30	16	118	2
89	41	25	16	99	2
89	36	30	16	96	1
89	39	25	16	81	2
89	36	26	16	80	1
88	46	25	16	91	1
87	39	21	16	98	2
87	48	21	16	94	2
87	45	19	16	93	2
86	43	-999	16	141	1
86	47	27	16	96	2
86	34	24	16	94	1
86	-999	22	16	69	1
85	32	27	16	110	2
85	44	27	16	88	1
83	59	28	16	99	2
83	35	28	16	87	2
83	54	29	16	79	1
82	43	29	16	90	2
82	43	24	16	84	2
81	39	30	16	79	1
81	49	25	16	78	2
80	49	25	16	78	1
79	32	24	16	98	2
77	51	25	16	102	1
77	63	29	16	96	2
77	37	24	16	82	1
75	53	28	16	78	1
68	64	18	16	71	1
63	51	18	16	77	2
-999	43	30	16	92	2
151	35	-999	15	142	2
148	36	24	15	143	2
146	45	-999	15	114	2
138	39	-999	15	124	1
137	-999	28	15	121	2
137	46	30	15	116	1
136	39	-999	15	135	1
134	35	23	15	120	2
132	34	-999	15	122	2
131	38	-999	15	112	1
131	36	-999	15	112	2
131	35	24	15	100	1
130	42	27	15	116	2
130	38	25	15	112	2
128	43	-999	15	134	2
128	38	-999	15	108	1
128	40	22	15	105	1
125	52	-999	15	125	1
125	35	-999	15	125	1
125	36	-999	15	115	1
125	34	-999	15	111	2
124	43	-999	15	129	1
124	47	23	15	98	1
124	34	-999	15	98	1
124	36	28	15	95	1
123	-999	25	15	109	1
123	34	21	15	106	1
122	38	24	15	137	1
122	34	20	15	101	2
122	32	26	15	92	2
121	34	26	15	120	1
121	66	-999	15	104	2
121	35	28	15	97	2
120	33	-999	15	134	2
120	42	24	15	123	2
120	39	23	15	116	1
120	48	21	15	112	1
120	38	-999	15	104	2
119	38	29	15	125	2
118	57	18	15	146	1
118	44	27	15	119	2
118	52	25	15	112	2
118	37	27	15	108	2
117	34	29	15	147	2
117	46	30	15	128	2
117	33	18	15	115	2
117	32	-999	15	101	1
117	47	-999	15	98	2
116	40	19	15	118	2
115	35	29	15	156	2
115	38	-999	15	122	1
115	45	20	15	98	1
115	32	-999	15	95	2
115	38	24	15	91	1
114	37	-999	15	125	2
114	43	27	15	113	1
114	57	11	15	112	1
114	44	-999	15	105	2
114	40	29	15	99	1
114	49	24	15	99	1
114	42	27	15	98	2
113	35	-999	15	127	1
113	40	30	15	120	2
113	41	-999	15	118	1
113	33	-999	15	117	2
113	44	26	15	111	2
113	35	30	15	108	1
112	34	-999	15	129	1
112	33	-999	15	118	2
112	38	27	15	116	2
112	42	25	15	97	1
111	45	24	15	114	1
111	-999	28	15	112	2
111	50	-999	15	109	2
111	34	-999	15	108	2
111	54	-999	15	105	2
111	72	25	15	84	2
110	49	-999	15	114	2
109	34	-999	15	112	2
109	35	29	15	109	1
109	44	24	15	109	1
109	45	-999	15	104	2
109	41	27	15	95	1
108	48	27	15	120	1
108	33	23	15	120	1
108	46	27	15	118	1
108	49	-999	15	118	2
108	42	18	15	114	1
108	41	-999	15	99	2
108	34	24	15	98	2
108	45	30	15	95	2
108	40	21	15	92	1
107	37	27	15	102	2
107	36	23	15	102	1
106	42	26	15	108	1
106	34	28	15	102	1
106	56	25	15	101	1
106	61	24	15	99	2
106	71	-999	15	99	2
106	38	25	15	98	2
106	33	-999	15	97	1
106	43	23	15	96	1
106	32	29	15	92	1
105	35	30	15	105	1
105	44	-999	15	101	2
105	36	22	15	92	2
104	54	-999	15	113	1
104	38	22	15	109	1
104	35	25	15	107	1
104	36	18	15	100	1
104	51	20	15	98	1
104	36	24	15	94	1
103	37	-999	15	105	1
103	55	21	15	101	2
103	34	-999	15	99	2
103	33	18	15	94	1
103	38	29	15	92	1
103	34	21	15	92	1
103	36	30	15	91	2
103	42	-999	15	91	2
102	57	20	15	99	2
102	36	19	15	85	1
101	32	29	15	121	2
101	38	-999	15	110	2
101	34	26	15	109	2
101	52	28	15	86	2
100	57	25	15	145	2
100	44	-999	15	127	2
100	41	26	15	119	2
100	38	24	15	105	2
100	45	24	15	99	1
100	57	-999	15	98	1
100	51	26	15	95	1
100	34	13	15	95	2
99	50	24	15	136	2
99	32	23	15	108	1
99	33	30	15	99	2
99	42	25	15	98	2
99	61	25	15	96	1
99	48	25	15	89	1
98	58	23	15	126	2
98	53	-999	15	112	2
98	68	21	15	107	2
98	42	-999	15	104	1
98	39	30	15	89	2
98	33	23	15	85	1
97	38	-999	15	117	2
97	39	-999	15	107	1
97	32	21	15	106	2
97	63	25	15	98	1
97	47	28	15	96	2
97	50	-999	15	93	2
97	34	16	15	92	2
97	40	23	15	89	1
97	38	27	15	88	2
97	37	29	15	87	1
97	47	-999	15	86	2
97	39	-999	15	85	1
97	36	19	15	83	1
96	35	30	15	113	2
96	35	23	15	101	2
96	52	19	15	99	2
96	36	26	15	95	1
96	47	29	15	94	2
96	44	23	15	88	1
95	38	-999	15	139	2
95	40	-999	15	111	2
95	36	28	15	100	2
95	33	26	15	98	1
95	59	21	15	94	1
94	32	28	15	125	2
94	49	13	15	114	2
94	38	30	15	107	1
94	40	26	15	103	2
94	47	22	15	98	2
94	47	29	15	95	1
94	36	-999	15	93	1
94	50	25	15	89	2
94	41	27	15	84	2
93	-999	-999	15	121	1
93	36	26	15	109	2
93	34	25	15	109	2
93	59	29	15	108	2
93	53	26	15	96	1
93	42	25	15	94	2
93	44	28	15	89	2
93	35	29	15	88	2
93	41	24	15	82	1
92	39	28	15	99	1
92	42	28	15	96	1
92	56	26	15	95	1
92	35	25	15	92	2
92	53	26	15	87	2
92	38	22	15	80	2
92	36	26	15	73	1
91	35	-999	15	109	2
91	58	-999	15	98	2
91	58	-999	15	96	1
91	34	23	15	95	2
91	51	-999	15	94	1
91	43	-999	15	92	2
91	44	26	15	89	1
91	54	21	15	85	2
91	32	29	15	77	1
90	34	25	15	106	2
90	48	25	15	103	1
90	50	27	15	96	2
90	36	-999	15	96	2
90	36	27	15	95	1
90	37	25	15	95	1
90	55	23	15	90	2
90	42	29	15	89	2
90	39	-999	15	88	1
90	38	22	15	85	2
89	49	28	15	122	2
89	33	27	15	120	2
89	57	-999	15	97	2
89	36	20	15	89	1
89	67	24	15	82	2
88	56	-999	15	94	2
88	40	30	15	90	1
88	41	29	15	89	2
87	61	25	15	98	2
87	40	26	15	97	2
87	59	27	15	85	2
87	49	28	15	82	2
86	45	21	15	94	2
86	33	29	15	88	1
86	44	23	15	75	1
85	53	-999	15	108	2
85	44	-999	15	94	1
85	64	25	15	93	1
84	43	29	15	118	2
84	50	-999	15	98	1
83	40	-999	15	112	2
83	89	16	15	83	1
82	44	12	15	84	1
82	40	30	15	80	1
81	49	26	15	97	2
80	-999	28	15	99	2
79	44	27	15	74	1
78	39	30	15	92	2
77	34	29	15	80	2
77	47	26	15	80	1
77	45	21	15	59	1
76	39	23	15	81	1
76	48	20	15	77	2
74	38	26	15	75	1
74	43	27	15	74	1
62	37	21	15	68	2
148	34	23	14	120	2
146	34	-999	14	119	1
141	39	-999	14	124	1
136	33	-999	14	112	2
134	57	17	14	108	2
134	36	27	14	94	2
132	36	-999	14	128	1
132	37	-999	14	114	1
131	68	19	14	133	1
131	33	-999	14	118	2
129	45	-999	14	129	2
128	32	-999	14	125	1
127	42	28	14	125	2
127	34	-999	14	123	2
127	45	24	14	106	1
127	51	23	14	103	1
126	50	-999	14	102	2
126	47	22	14	95	1
125	35	-999	14	133	1
125	39	-999	14	121	2
124	32	-999	14	109	2
124	35	27	14	100	1
123	41	-999	14	155	2
123	32	-999	14	124	2
123	52	25	14	113	1
122	45	27	14	149	2
122	35	-999	14	114	1
121	36	17	14	125	2
121	37	25	14	121	1
120	48	22	14	165	2
120	38	27	14	129	2
120	44	-999	14	115	1
120	35	-999	14	105	2
119	32	29	14	129	1
119	50	-999	14	120	2
119	36	26	14	117	1
118	37	-999	14	143	2
118	51	-999	14	125	2
118	37	30	14	117	1
118	39	22	14	104	2
118	40	16	14	99	2
117	46	-999	14	141	2
117	41	-999	14	135	1
117	38	-999	14	106	1
116	69	20	14	129	2
116	38	24	14	128	1
115	44	-999	14	122	2
115	37	25	14	120	1
115	39	-999	14	119	1
115	32	-999	14	94	1
114	36	29	14	129	2
114	46	27	14	116	1
114	37	21	14	109	2
114	75	-999	14	109	2
114	42	27	14	108	2
114	35	23	14	108	2
114	41	-999	14	98	1
114	46	18	14	95	2
113	41	-999	14	117	1
113	43	27	14	99	2
113	42	25	14	96	2
113	34	-999	14	94	2
113	37	18	14	91	2
113	44	19	14	89	1
112	38	24	14	106	2
112	34	24	14	102	2
111	32	29	14	109	2
111	45	24	14	101	1
110	33	-999	14	127	2
110	36	-999	14	116	2
110	40	-999	14	114	2
110	32	16	14	112	1
110	68	22	14	108	2
110	48	24	14	95	2
109	44	-999	14	123	2
109	39	15	14	110	1
109	-999	27	14	107	2
109	39	-999	14	104	2
109	45	27	14	101	2
109	42	-999	14	101	1
109	33	-999	14	100	2
109	35	30	14	96	1
109	54	30	14	92	1
108	34	-999	14	114	2
108	32	-999	14	100	2
108	34	23	14	99	1
108	44	21	14	95	1
107	32	28	14	129	1
107	36	29	14	115	2
107	52	29	14	97	2
107	37	30	14	96	1
107	42	25	14	91	1
106	40	29	14	123	2
106	43	25	14	123	2
106	35	21	14	108	2
106	42	-999	14	104	2
106	54	-999	14	99	1
106	61	20	14	95	1
105	42	-999	14	137	1
105	39	-999	14	122	1
105	40	17	14	105	2
105	52	25	14	103	2
105	41	28	14	87	1
104	45	-999	14	139	2
104	54	21	14	109	1
104	45	-999	14	103	1
103	47	22	14	121	1
103	39	-999	14	107	1
103	49	-999	14	105	1
103	34	29	14	100	2
102	42	25	14	88	1
101	45	-999	14	133	2
101	44	20	14	112	1
101	33	23	14	102	2
101	34	17	14	99	1
101	38	-999	14	99	2
101	57	-999	14	89	1
101	-999	-999	14	84	1
100	60	25	14	120	2
100	45	-999	14	120	1
100	37	-999	14	116	1
100	49	29	14	108	2
100	41	28	14	102	2
100	41	24	14	102	2
100	57	-999	14	101	1
100	37	21	14	100	1
100	42	27	14	96	2
100	47	26	14	96	2
100	59	-999	14	84	1
100	38	21	14	81	1
99	37	-999	14	130	1
99	36	25	14	118	1
99	46	24	14	110	1
99	55	20	14	100	1
99	37	-999	14	97	2
99	33	-999	14	95	2
99	47	28	14	94	2
99	38	22	14	94	1
99	51	21	14	91	2
99	-999	18	14	88	1
99	34	25	14	86	2
98	48	24	14	136	1
98	68	-999	14	117	2
98	37	-999	14	109	1
98	36	-999	14	106	2
98	44	-999	14	103	1
98	42	-999	14	103	2
98	34	-999	14	102	2
98	53	-999	14	98	2
98	61	30	14	96	1
98	43	26	14	96	1
98	50	27	14	91	2
98	36	20	14	91	1
98	45	22	14	88	1
98	38	25	14	87	2
97	37	-999	14	135	2
97	36	-999	14	113	1
97	39	20	14	109	1
97	37	-999	14	106	1
97	38	-999	14	99	1
97	34	26	14	97	2
97	35	30	14	96	2
97	37	22	14	94	1
97	33	-999	14	94	2
97	36	28	14	92	2
96	56	24	14	127	2
96	44	15	14	106	2
96	33	25	14	104	2
96	41	21	14	96	2
96	45	15	14	96	1
96	41	23	14	94	1
96	47	-999	14	94	1
96	34	21	14	91	1
96	33	29	14	90	1
96	35	28	14	86	2
95	57	20	14	179	2
95	41	21	14	123	2
95	74	15	14	122	2
95	33	26	14	116	1
95	37	-999	14	107	2
95	38	30	14	101	1
95	41	26	14	99	2
95	48	23	14	94	1
95	60	-999	14	94	1
95	38	25	14	92	1
95	59	27	14	91	1
95	43	25	14	90	1
95	32	15	14	85	1
94	35	-999	14	125	2
94	46	23	14	121	2
94	47	20	14	105	2
94	53	28	14	96	2
94	38	24	14	92	2
94	46	28	14	84	1
94	57	26	14	84	2
94	52	27	14	76	1
93	45	-999	14	103	2
93	43	-999	14	101	2
93	52	25	14	97	2
93	74	23	14	92	2
92	50	28	14	115	1
92	50	22	14	94	1
92	34	30	14	91	2
92	82	24	14	90	2
92	58	25	14	83	2
91	69	-999	14	111	1
91	47	-999	14	111	2
91	36	-999	14	103	1
91	35	25	14	96	1
91	38	30	14	94	2
91	44	27	14	76	2
91	44	30	14	74	2
91	61	25	14	69	2
90	39	22	14	92	1
90	37	15	14	92	1
90	44	21	14	91	1
90	36	22	14	88	1
90	51	24	14	82	2
89	34	21	14	99	1
88	45	-999	14	114	2
88	39	-999	14	98	1
88	65	18	14	91	1
88	44	24	14	88	1
88	69	25	14	86	1
88	44	30	14	80	1
87	47	-999	14	105	2
87	55	16	14	95	1
87	39	24	14	94	2
87	33	-999	14	75	2
86	44	27	14	127	2
86	37	30	14	110	2
86	46	28	14	110	1
86	47	16	14	96	1
86	34	12	14	90	1
86	37	-999	14	86	1
86	60	-999	14	81	1
85	39	18	14	87	1
85	41	25	14	82	2
84	59	21	14	99	2
84	53	26	14	83	1
84	72	28	14	81	1
84	36	30	14	78	2
83	34	19	14	91	1
83	39	29	14	87	1
83	62	25	14	67	1
82	54	26	14	94	1
82	53	19	14	81	1
81	45	29	14	97	1
81	37	23	14	91	1
81	33	25	14	89	2
80	38	23	14	82	1
79	52	-999	14	89	2
77	32	27	14	88	2
77	48	19	14	75	1
76	60	22	14	81	2
75	52	23	14	94	2
74	41	18	14	71	1
73	40	-999	14	95	2
73	52	24	14	91	2
70	49	27	14	123	1
66	65	24	14	65	2
146	37	19	13	135	1
146	45	-999	13	134	1
144	57	25	13	121	2
139	33	-999	13	100	1
138	40	-999	13	140	2
138	35	-999	13	120	1
138	36	-999	13	104	1
134	41	29	13	115	1
134	37	30	13	103	1
133	33	-999	13	128	1
132	50	-999	13	121	2
129	42	-999	13	125	1
129	41	-999	13	116	2
128	56	-999	13	124	2
128	34	-999	13	124	2
128	34	30	13	118	2
127	34	-999	13	114	1
125	32	22	13	113	2
124	38	-999	13	124	2
124	35	-999	13	117	2
124	44	-999	13	115	2
124	32	-999	13	115	2
124	41	-999	13	104	1
124	32	30	13	99	1
124	42	26	13	96	1
123	34	-999	13	128	2
123	42	25	13	119	1
123	38	-999	13	113	1
123	46	22	13	103	1
122	36	-999	13	124	1
122	34	22	13	106	1
120	40	-999	13	138	2
120	38	28	13	111	1
120	33	-999	13	106	2
119	39	-999	13	154	2
119	52	22	13	111	1
119	32	-999	13	99	1
119	36	30	13	94	2
118	43	-999	13	121	1
118	42	-999	13	118	2
118	36	28	13	112	2
118	51	-999	13	93	2
117	36	-999	13	109	1
117	42	24	13	107	1
117	64	22	13	97	2
117	33	-999	13	92	1
117	37	26	13	87	1
115	36	-999	13	112	2
115	33	25	13	109	2
115	46	24	13	91	2
115	51	-999	13	89	1
114	32	22	13	143	2
114	47	-999	13	120	2
114	40	-999	13	107	2
113	41	-999	13	134	2
113	39	-999	13	128	1
113	53	-999	13	121	1
113	58	25	13	97	1
113	51	-999	13	97	1
112	49	-999	13	112	2
112	34	24	13	96	1
111	42	-999	13	136	1
111	37	29	13	124	1
111	34	23	13	109	2
111	43	23	13	102	1
110	36	30	13	116	2
110	38	24	13	99	2
109	44	-999	13	125	1
109	37	29	13	118	2
109	34	-999	13	103	2
109	36	29	13	95	1
109	40	30	13	89	1
109	53	-999	13	86	1
108	68	27	13	115	1
108	47	26	13	109	2
108	46	-999	13	105	2
108	43	-999	13	97	1
108	51	28	13	78	1
107	33	-999	13	106	2
106	32	30	13	114	1
106	43	-999	13	112	2
106	32	21	13	95	1
106	32	21	13	95	1
106	44	22	13	94	2
106	38	-999	13	79	1
105	63	-999	13	132	1
105	47	29	13	122	2
105	39	-999	13	105	1
105	38	22	13	103	1
105	38	26	13	96	2
105	49	25	13	92	2
105	50	21	13	89	1
103	39	6	13	124	1
103	37	30	13	113	2
103	42	-999	13	94	1
103	32	-999	13	91	1
102	52	23	13	99	2
102	32	25	13	96	2
102	58	23	13	89	1
101	37	-999	13	130	2
101	45	-999	13	119	2
101	47	-999	13	116	2
101	50	-999	13	114	2
101	41	-999	13	105	2
101	49	-999	13	104	1
101	32	22	13	96	2
101	63	-999	13	96	2
101	35	-999	13	83	1
100	41	25	13	121	1
100	45	-999	13	115	1
100	59	24	13	113	1
100	51	-999	13	111	1
100	44	23	13	109	2
100	38	19	13	99	1
100	40	25	13	92	1
100	46	-999	13	92	1
100	43	14	13	78	2
99	36	-999	13	143	2
99	53	26	13	110	2
99	37	20	13	106	1
99	47	-999	13	105	2
99	33	22	13	102	2
99	43	25	13	98	1
99	46	20	13	98	2
99	46	23	13	94	1
99	41	24	13	93	1
99	49	25	13	92	1
99	64	-999	13	92	2
99	36	30	13	91	1
98	38	-999	13	124	2
98	43	-999	13	106	2
98	41	19	13	104	2
98	39	30	13	103	1
98	44	21	13	99	1
98	35	-999	13	98	2
98	42	23	13	95	2
98	49	29	13	94	2
98	49	-999	13	84	1
98	58	23	13	83	2
97	41	-999	13	130	1
97	35	24	13	111	2
97	34	-999	13	106	2
97	35	29	13	105	2
97	74	22	13	87	1
97	37	24	13	85	2
97	51	22	13	73	1
96	48	-999	13	118	1
96	34	21	13	96	2
96	35	24	13	95	2
95	36	23	13	115	1
95	35	30	13	106	2
95	34	22	13	105	1
95	46	-999	13	91	1
95	41	-999	13	91	1
95	33	21	13	90	2
95	42	-999	13	90	1
95	33	30	13	88	2
95	45	25	13	87	1
95	51	26	13	81	1
94	47	23	13	123	1
94	52	-999	13	98	2
94	46	-999	13	96	2
94	42	23	13	93	2
94	80	10	13	92	1
94	34	22	13	91	2
94	64	23	13	53	1
93	48	23	13	113	2
93	53	22	13	108	1
93	39	-999	13	97	1
93	51	25	13	96	2
93	52	24	13	95	1
93	58	27	13	94	1
93	52	20	13	94	1
93	57	22	13	91	2
92	39	21	13	118	1
92	41	23	13	92	1
92	45	21	13	91	2
92	35	25	13	89	2
91	33	28	13	141	1
91	39	-999	13	98	1
91	54	24	13	95	2
91	58	22	13	95	1
91	57	29	13	94	2
91	43	-999	13	94	1
91	60	-999	13	92	2
91	54	-999	13	92	1
91	35	29	13	91	1
91	36	29	13	90	2
91	37	22	13	85	1
91	-999	27	13	84	2
91	33	26	13	78	1
90	46	-999	13	109	1
90	35	28	13	106	1
90	36	28	13	102	1
90	34	23	13	97	2
90	41	17	13	95	2
90	34	30	13	89	2
90	42	25	13	89	2
90	42	29	13	87	1
90	38	27	13	86	2
90	36	20	13	83	2
89	41	28	13	99	2
89	46	23	13	92	1
89	39	24	13	87	2
89	61	28	13	85	2
89	47	19	13	84	2
89	64	23	13	73	2
88	38	26	13	105	2
88	37	-999	13	98	2
88	38	25	13	92	2
88	40	27	13	89	2
88	43	28	13	87	2
87	45	-999	13	116	2
87	45	-999	13	95	2
87	37	-999	13	82	2
86	34	28	13	104	2
86	33	24	13	96	2
86	48	-999	13	88	1
86	44	23	13	71	2
85	35	26	13	96	2
85	51	24	13	91	2
84	37	-999	13	110	2
84	43	16	13	86	2
84	62	25	13	83	1
84	41	29	13	80	2
84	42	27	13	77	1
83	55	-999	13	108	2
83	34	26	13	95	2
83	34	28	13	91	1
83	37	23	13	91	1
82	37	27	13	87	2
82	39	14	13	77	2
81	-999	27	13	95	2
80	-999	20	13	88	2
80	63	18	13	84	1
79	40	15	13	92	1
78	47	24	13	96	1
78	33	26	13	80	2
78	59	26	13	36	1
77	41	-999	13	82	1
77	68	17	13	80	1
77	64	23	13	56	1
76	48	27	13	95	1
76	-999	22	13	89	2
76	44	30	13	87	1
74	53	23	13	68	2
74	49	30	13	59	2
73	72	-999	13	86	2
73	47	17	13	70	2
70	46	23	13	92	2
70	35	23	13	80	2
68	44	24	13	96	1
67	51	18	13	75	1
-999	56	22	13	112	1
-999	53	12	13	-999	1
155	39	-999	12	107	1
143	36	-999	12	99	2
138	33	-999	12	144	1
137	52	-999	12	136	2
137	41	24	12	102	1
133	35	-999	12	124	1
132	43	-999	12	116	1
131	55	30	12	101	2
129	46	24	12	130	1
128	80	-999	12	125	1
127	40	27	12	112	1
125	34	26	12	112	2
125	40	-999	12	109	2
124	35	18	12	126	1
124	34	-999	12	126	1
124	37	23	12	124	1
124	35	-999	12	115	2
124	45	-999	12	112	1
124	39	-999	12	110	2
124	38	-999	12	99	1
123	37	-999	12	136	2
123	43	-999	12	122	2
123	36	-999	12	122	2
123	53	-999	12	121	2
123	38	24	12	99	2
121	40	-999	12	113	1
120	46	22	12	92	2
119	36	-999	12	107	2
119	43	-999	12	103	1
118	44	26	12	124	1
118	33	-999	12	115	1
118	60	22	12	109	1
118	40	-999	12	101	2
117	54	-999	12	133	1
117	52	-999	12	112	2
116	36	-999	12	112	1
116	46	20	12	99	1
116	37	-999	12	98	2
115	40	20	12	118	1
115	35	-999	12	117	2
115	50	26	12	107	2
115	49	-999	12	102	2
115	34	-999	12	99	2
115	47	26	12	86	1
114	42	-999	12	128	2
114	39	-999	12	103	1
114	33	27	12	85	1
113	43	20	12	100	1
113	47	27	12	84	1
112	38	-999	12	103	2
112	75	19	12	96	1
111	52	-999	12	115	2
111	37	-999	12	105	1
111	35	28	12	104	1
111	-999	-999	12	99	2
111	42	27	12	98	2
111	41	-999	12	98	1
110	46	24	12	99	2
110	39	26	12	97	1
109	58	-999	12	138	1
109	51	-999	12	131	2
109	58	-999	12	106	1
109	44	24	12	101	1
108	74	21	12	115	1
108	49	-999	12	96	1
107	43	-999	12	119	2
107	53	-999	12	109	2
107	41	-999	12	100	2
106	35	-999	12	127	2
106	51	-999	12	123	2
106	79	13	12	113	1
106	40	22	12	108	2
106	41	24	12	105	1
106	59	-999	12	103	2
106	38	17	12	88	1
105	36	-999	12	111	1
105	39	13	12	104	1
105	35	-999	12	101	2
105	42	-999	12	93	1
104	48	-999	12	113	1
104	34	-999	12	108	1
104	37	-999	12	100	1
104	33	-999	12	95	2
104	40	-999	12	93	2
104	34	26	12	91	2
103	41	26	12	120	1
103	37	25	12	120	1
103	38	-999	12	115	1
103	34	23	12	108	2
103	34	-999	12	101	2
103	52	-999	12	99	1
103	35	29	12	95	2
102	35	-999	12	94	1
101	33	-999	12	127	2
101	41	24	12	121	2
101	32	29	12	109	1
101	39	-999	12	102	1
101	39	29	12	99	1
101	94	29	12	86	2
100	44	-999	12	127	1
100	46	-999	12	103	1
100	44	25	12	99	2
100	33	22	12	94	1
100	49	-999	12	94	1
100	56	-999	12	88	2
99	33	-999	12	120	2
99	35	-999	12	107	1
99	44	22	12	99	2
99	44	30	12	96	2
99	45	26	12	92	1
99	61	25	12	92	1
99	32	25	12	92	1
99	42	21	12	85	1
99	66	20	12	82	1
98	60	23	12	130	1
98	46	-999	12	114	1
98	48	23	12	98	2
98	47	23	12	98	1
98	46	28	12	97	2
98	51	27	12	95	1
98	71	16	12	85	1
97	58	23	12	99	1
97	53	27	12	98	1
97	47	-999	12	98	1
97	37	24	12	96	2
97	42	-999	12	95	1
97	49	23	12	94	1
97	38	-999	12	90	1
97	44	21	12	88	1
96	40	-999	12	116	1
96	37	26	12	105	1
96	50	-999	12	98	1
96	36	-999	12	97	2
96	-999	24	12	86	2
96	51	22	12	86	1
95	51	16	12	112	2
95	33	-999	12	106	1
95	35	-999	12	103	2
95	49	-999	12	97	1
95	37	18	12	96	1
95	32	25	12	93	2
95	42	29	12	92	2
95	49	29	12	88	2
95	40	22	12	82	1
94	34	24	12	138	1
94	42	28	12	110	1
94	76	14	12	110	1
94	40	24	12	98	2
94	44	-999	12	95	2
94	39	27	12	94	2
94	42	30	12	88	1
94	37	26	12	88	2
94	40	29	12	75	2
93	43	30	12	101	1
93	35	26	12	99	1
93	64	-999	12	99	1
93	45	-999	12	95	1
93	59	18	12	88	1
93	60	-999	12	74	1
92	41	26	12	102	1
92	37	-999	12	99	2
92	46	26	12	95	2
92	45	19	12	94	1
92	49	28	12	66	2
91	48	19	12	103	2
91	38	30	12	102	2
91	41	-999	12	98	1
91	39	25	12	96	2
91	34	26	12	92	1
91	38	-999	12	92	1
91	44	22	12	88	2
91	48	23	12	86	1
90	42	-999	12	120	2
90	32	-999	12	107	2
90	36	25	12	89	1
90	61	18	12	81	1
90	47	21	12	80	2
89	45	19	12	98	1
89	57	-999	12	94	2
89	52	30	12	92	2
89	79	26	12	92	2
89	37	23	12	88	2
89	32	-999	12	78	1
88	34	25	12	79	1
87	34	29	12	99	1
87	32	-999	12	99	2
87	43	-999	12	98	2
87	56	-999	12	96	1
86	41	-999	12	112	2
86	43	-999	12	92	2
86	44	29	12	75	1
85	36	-999	12	93	2
85	46	27	12	87	2
85	44	-999	12	87	1
85	33	-999	12	85	1
85	47	-999	12	83	1
84	51	23	12	103	1
84	68	-999	12	97	2
84	37	-999	12	97	1
84	35	22	12	95	1
84	32	-999	12	93	2
84	65	-999	12	92	2
84	44	-999	12	86	2
84	51	29	12	76	1
83	33	-999	12	107	2
83	54	23	12	91	2
83	42	30	12	90	2
82	43	22	12	99	2
82	68	18	12	97	2
82	41	26	12	81	1
82	47	29	12	69	1
81	39	19	12	104	2
81	33	21	12	92	1
81	43	-999	12	77	2
80	67	27	12	80	1
79	39	30	12	91	2
79	47	23	12	78	2
77	42	-999	12	117	2
77	77	29	12	64	1
76	54	28	12	85	2
76	46	25	12	71	1
76	35	27	12	67	1
76	85	30	12	49	1
75	54	16	12	65	1
75	51	19	12	46	1
74	33	26	12	116	1
74	41	21	12	82	2
73	38	-999	12	105	2
73	51	19	12	77	1
72	44	16	12	86	1
71	43	25	12	95	1
71	-999	27	12	78	1
70	67	22	12	72	2
67	42	20	12	70	1
64	77	27	12	65	2
61	77	22	12	61	1
-999	46	-999	12	111	1
140	47	-999	11	88	1
139	36	-999	11	134	2
135	33	-999	11	133	2
132	44	-999	11	123	2
130	42	-999	11	113	1
128	34	-999	11	135	1
128	37	-999	11	131	2
127	62	-999	11	97	1
125	40	-999	11	105	2
124	37	-999	11	135	1
124	36	28	11	97	2
123	38	-999	11	122	1
123	62	-999	11	105	2
122	39	30	11	78	1
121	35	-999	11	125	1
121	42	-999	11	112	1
120	35	-999	11	111	1
120	52	-999	11	104	2
119	47	-999	11	97	1
118	55	-999	11	138	2
118	33	-999	11	128	2
118	44	-999	11	114	2
118	38	-999	11	114	1
118	55	19	11	112	1
118	55	-999	11	109	1
118	45	-999	11	104	1
118	33	-999	11	94	1
117	36	-999	11	139	1
117	35	-999	11	128	2
117	38	-999	11	121	2
117	48	-999	11	115	1
117	37	-999	11	104	2
117	55	-999	11	103	1
115	67	-999	11	119	2
115	67	23	11	110	1
115	41	-999	11	98	2
114	55	-999	11	111	1
114	45	23	11	92	1
114	32	21	11	89	1
113	36	-999	11	123	2
113	-999	-999	11	111	1
113	37	-999	11	110	1
112	33	27	11	102	1
111	62	19	11	122	2
111	36	-999	11	120	2
111	35	28	11	109	1
111	36	-999	11	105	1
111	71	-999	11	95	1
111	41	30	11	93	2
110	32	-999	11	131	1
110	45	-999	11	123	1
110	39	-999	11	121	1
110	38	-999	11	119	2
110	58	-999	11	118	2
110	33	24	11	101	1
109	41	-999	11	120	2
109	38	28	11	115	2
109	45	-999	11	105	2
109	48	27	11	94	1
109	44	25	11	91	1
108	89	-999	11	108	1
106	36	-999	11	121	2
106	48	28	11	113	2
106	61	-999	11	104	1
105	34	-999	11	149	1
105	35	-999	11	113	1
105	41	27	11	96	2
105	33	-999	11	95	1
105	39	19	11	89	1
105	38	-999	11	88	2
105	41	30	11	84	2
104	42	-999	11	125	1
104	44	25	11	99	2
104	44	28	11	98	2
103	36	-999	11	119	1
103	-999	27	11	117	2
103	36	-999	11	114	2
103	33	-999	11	112	2
103	58	-999	11	98	1
102	54	-999	11	114	2
102	51	22	11	76	1
101	47	-999	11	118	1
101	49	22	11	96	2
100	39	-999	11	109	1
100	49	-999	11	108	1
100	32	-999	11	103	2
100	40	-999	11	93	2
100	32	22	11	85	2
99	54	24	11	123	2
99	37	23	11	107	1
99	38	23	11	100	1
99	34	27	11	94	2
99	46	17	11	93	1
98	56	-999	11	110	1
98	33	23	11	98	1
98	35	-999	11	92	1
98	54	28	11	89	1
98	40	28	11	88	2
98	42	-999	11	87	2
97	49	27	11	111	2
97	44	24	11	99	2
97	42	-999	11	96	2
97	51	26	11	95	2
97	50	19	11	95	2
97	46	25	11	77	1
96	34	24	11	108	2
96	50	-999	11	94	1
96	45	27	11	91	2
96	39	-999	11	89	1
96	41	-999	11	77	1
95	35	-999	11	110	1
95	38	27	11	104	2
95	34	29	11	100	1
95	40	18	11	63	1
94	33	-999	11	107	2
94	40	28	11	101	1
94	38	-999	11	98	2
94	73	22	11	93	2
94	33	27	11	92	1
94	37	26	11	89	1
94	37	-999	11	86	1
93	34	22	11	99	2
93	49	-999	11	94	1
93	67	-999	11	90	2
93	32	-999	11	89	1
92	56	-999	11	99	2
92	48	19	11	81	1
91	40	30	11	123	1
91	43	-999	11	123	1
91	37	-999	11	112	2
91	41	-999	11	108	1
91	39	-999	11	100	2
91	50	-999	11	96	1
91	48	26	11	95	2
91	74	19	11	94	2
91	38	30	11	78	1
91	34	30	11	73	1
91	48	-999	11	71	1
90	42	20	11	102	2
90	45	26	11	93	2
90	39	26	11	92	1
90	48	22	11	90	1
90	35	25	11	84	1
90	55	15	11	84	1
89	52	-999	11	90	2
89	37	30	11	86	2
88	55	-999	11	105	2
88	47	26	11	94	2
88	84	-999	11	90	1
88	45	-999	11	89	1
88	48	-999	11	84	1
88	54	22	11	74	1
87	41	-999	11	104	1
87	60	-999	11	89	1
87	33	-999	11	75	2
87	66	22	11	66	1
86	43	-999	11	93	1
86	44	26	11	92	2
86	40	26	11	84	1
86	37	24	11	84	2
85	32	-999	11	108	2
85	33	-999	11	105	2
85	40	-999	11	93	1
85	32	29	11	92	2
85	50	23	11	80	1
85	52	18	11	73	1
84	48	-999	11	118	2
84	48	-999	11	107	1
84	35	25	11	99	1
84	63	-999	11	71	2
83	36	-999	11	104	2
83	51	23	11	54	2
82	33	-999	11	109	2
82	46	23	11	92	1
82	50	-999	11	87	2
81	38	17	11	105	1
80	37	30	11	99	2
80	38	25	11	94	1
80	37	-999	11	93	2
80	42	-999	11	74	2
79	48	23	11	67	1
79	59	22	11	46	1
78	61	29	11	93	2
78	45	21	11	89	1
77	59	30	11	103	2
77	50	20	11	101	1
77	36	25	11	95	2
77	42	-999	11	51	1
76	37	25	11	92	1
75	43	-999	11	80	1
73	60	28	11	78	2
71	-999	-999	11	105	2
68	54	19	11	52	1
67	51	22	11	68	1
66	37	16	11	49	1
59	63	24	11	77	2
59	60	16	11	59	2
55	40	-999	11	99	1
134	32	-999	10	106	1
132	44	-999	10	123	2
128	36	-999	10	141	2
123	41	-999	10	130	1
123	45	-999	10	125	2
123	49	-999	10	118	1
123	44	-999	10	110	2
121	36	-999	10	103	2
121	32	29	10	97	2
120	36	-999	10	98	2
119	59	-999	10	125	1
119	47	-999	10	103	2
118	33	-999	10	151	1
118	39	-999	10	130	1
117	34	-999	10	130	1
116	59	-999	10	89	2
115	32	22	10	103	1
113	43	-999	10	127	1
113	38	-999	10	117	1
113	39	-999	10	113	1
113	35	-999	10	107	1
113	51	-999	10	101	1
113	37	-999	10	99	2
113	44	14	10	96	2
111	37	-999	10	123	1
111	65	-999	10	116	2
110	38	-999	10	113	2
110	71	-999	10	107	2
110	35	-999	10	103	1
110	48	-999	10	101	1
110	49	-999	10	98	1
108	34	-999	10	117	1
108	56	-999	10	97	2
108	41	-999	10	97	1
106	49	-999	10	119	2
106	36	-999	10	112	2
106	38	-999	10	110	1
106	35	-999	10	108	2
106	33	-999	10	93	1
105	38	-999	10	112	1
105	49	-999	10	101	2
105	36	-999	10	94	1
105	37	25	10	93	2
105	42	20	10	87	1
104	37	-999	10	122	1
103	47	-999	10	107	1
103	42	-999	10	103	2
103	41	-999	10	94	1
102	40	-999	10	124	2
102	54	28	10	92	2
101	40	-999	10	99	1
101	38	27	10	80	2
100	37	-999	10	108	2
100	37	-999	10	107	2
100	41	-999	10	94	2
100	33	28	10	92	1
99	42	-999	10	112	1
99	48	24	10	107	1
99	42	-999	10	107	1
99	41	20	10	94	1
98	54	-999	10	152	2
98	33	-999	10	140	2
98	32	-999	10	120	2
98	46	-999	10	117	1
98	49	-999	10	104	1
98	41	-999	10	102	1
98	37	-999	10	99	2
98	40	25	10	96	2
98	35	26	10	88	1
97	45	-999	10	112	1
97	43	-999	10	107	1
97	56	-999	10	100	2
97	45	-999	10	99	2
97	42	-999	10	94	1
96	46	-999	10	139	2
96	57	-999	10	96	2
96	44	21	10	93	2
96	38	-999	10	86	1
96	58	28	10	84	1
95	47	-999	10	111	1
95	41	-999	10	102	2
95	35	-999	10	98	1
95	38	28	10	88	2
94	54	-999	10	110	2
94	64	30	10	95	2
94	52	-999	10	86	2
93	38	-999	10	110	2
93	48	-999	10	98	1
93	34	-999	10	98	1
93	32	-999	10	95	2
93	49	26	10	92	1
93	36	-999	10	82	1
93	42	28	10	73	1
92	45	21	10	129	2
92	54	-999	10	115	1
92	52	-999	10	104	1
92	44	27	10	92	2
91	40	-999	10	116	2
91	38	18	10	115	2
91	38	-999	10	107	2
91	-999	30	10	105	1
91	66	-999	10	96	1
91	39	-999	10	96	1
91	38	-999	10	93	2
91	36	-999	10	93	2
91	63	19	10	91	1
91	-999	-999	10	78	1
90	50	-999	10	97	1
90	35	24	10	91	2
90	32	27	10	88	2
90	34	21	10	81	1
89	47	-999	10	89	1
89	67	16	10	85	2
88	33	-999	10	112	2
88	54	-999	10	102	1
88	47	-999	10	99	1
88	61	24	10	91	2
87	38	-999	10	120	1
86	43	23	10	88	2
86	33	24	10	73	1
86	58	-999	10	72	1
85	36	-999	10	115	2
85	54	14	10	95	1
85	46	-999	10	86	2
84	45	-999	10	112	2
84	44	-999	10	82	1
83	42	-999	10	112	1
83	32	27	10	101	2
83	44	25	10	85	1
82	33	-999	10	38	1
81	35	-999	10	91	1
81	48	23	10	88	1
81	37	22	10	85	2
80	43	16	10	98	2
80	36	-999	10	66	1
79	37	-999	10	94	2
79	59	24	10	85	1
78	35	28	10	91	2
77	52	-999	10	102	2
76	57	26	10	68	1
73	59	23	10	63	1
72	45	-999	10	118	1
69	68	22	10	95	1
67	46	30	10	64	1
64	52	26	10	74	2
64	60	21	10	66	2
60	43	25	10	87	2
58	40	16	10	96	2
-999	47	-999	10	71	1
-999	70	21	10	60	1
138	50	-999	9	98	1
133	37	21	9	137	1
132	35	-999	9	120	1
130	34	-999	9	122	2
129	32	-999	9	109	2
129	42	24	9	104	1
120	41	-999	9	125	1
120	45	-999	9	103	2
118	35	-999	9	138	1
118	35	-999	9	98	1
117	56	-999	9	99	1
115	33	-999	9	116	2
114	34	-999	9	157	2
114	61	-999	9	131	1
114	34	-999	9	126	2
114	32	-999	9	89	2
110	32	-999	9	114	2
110	48	-999	9	98	2
110	42	-999	9	98	2
109	35	-999	9	98	1
108	47	-999	9	113	2
106	34	28	9	97	1
106	42	26	9	94	1
105	32	-999	9	132	2
105	54	-999	9	104	2
105	33	-999	9	104	2
105	44	-999	9	-999	2
103	46	-999	9	115	2
103	49	-999	9	110	2
103	34	29	9	106	2
103	38	-999	9	105	2
103	50	28	9	101	2
102	42	-999	9	107	1
102	53	22	9	86	1
101	35	-999	9	154	2
101	59	-999	9	125	2
101	49	-999	9	107	2
100	41	-999	9	97	2
100	38	23	9	94	1
99	37	-999	9	115	1
99	46	-999	9	98	1
98	60	-999	9	93	1
98	70	-999	9	78	1
97	47	-999	9	134	1
96	50	-999	9	114	2
96	33	19	9	110	1
96	37	-999	9	95	2
96	35	-999	9	84	1
95	40	-999	9	110	2
95	40	-999	9	86	2
95	51	-999	9	84	1
95	34	28	9	82	2
94	33	-999	9	102	1
94	49	-999	9	94	2
94	36	-999	9	94	2
93	50	-999	9	111	2
93	36	7	9	88	2
92	51	-999	9	109	1
92	49	-999	9	104	2
91	38	-999	9	113	2
91	33	-999	9	112	1
91	35	-999	9	98	1
91	45	20	9	95	1
91	32	22	9	93	2
91	51	26	9	92	1
91	37	-999	9	92	2
90	52	-999	9	101	2
90	46	23	9	99	1
90	41	22	9	96	2
90	37	19	9	96	2
90	48	-999	9	88	1
90	48	21	9	71	1
89	53	-999	9	90	1
89	40	-999	9	87	1
89	42	-999	9	81	1
88	46	23	9	83	1
88	36	23	9	71	1
88	38	24	9	59	1
87	47	-999	9	119	1
87	49	-999	9	101	1
87	57	17	9	92	2
87	34	-999	9	77	2
87	34	20	9	74	1
86	43	26	9	84	2
85	36	-999	9	97	2
85	36	-999	9	86	1
85	41	23	9	64	1
84	71	24	9	112	1
84	53	24	9	92	2
84	58	-999	9	88	2
83	37	-999	9	86	2
82	48	-999	9	94	1
82	78	26	9	60	2
81	35	-999	9	87	2
80	45	-999	9	106	1
80	58	30	9	82	2
79	46	-999	9	78	1
78	41	24	9	87	1
77	34	-999	9	118	2
77	38	-999	9	88	1
75	50	-999	9	93	2
75	41	22	9	82	1
74	34	-999	9	98	2
73	42	-999	9	103	1
73	42	-999	9	53	2
70	39	25	9	67	1
66	71	11	9	42	1
65	40	28	9	58	1
61	37	-999	9	69	1
56	46	-999	9	106	1
55	33	-999	9	131	2
43	44	-999	9	99	1
-999	63	27	9	62	2
133	67	-999	8	114	1
124	42	-999	8	100	1
119	40	-999	8	108	2
119	50	-999	8	103	1
119	37	-999	8	94	1
116	32	-999	8	89	2
115	39	-999	8	95	2
114	47	-999	8	84	1
111	52	-999	8	111	1
111	39	21	8	89	2
109	47	-999	8	112	2
109	38	-999	8	112	1
109	47	-999	8	86	1
108	34	-999	8	115	2
106	35	-999	8	124	1
102	32	27	8	96	2
102	45	-999	8	95	1
101	42	-999	8	118	2
101	66	-999	8	78	1
100	35	-999	8	101	1
100	38	-999	8	100	2
100	45	-999	8	93	1
100	34	-999	8	81	1
99	38	20	8	92	2
98	43	-999	8	85	2
97	42	29	8	99	2
97	37	-999	8	99	1
96	33	-999	8	118	2
95	52	-999	8	115	2
95	36	16	8	100	1
95	60	-999	8	90	2
95	55	-999	8	84	1
94	46	-999	8	99	2
94	42	-999	8	87	1
93	-999	-999	8	103	1
93	40	-999	8	99	2
92	43	-999	8	100	1
92	37	24	8	77	1
91	56	-999	8	77	1
90	68	-999	8	106	1
90	36	26	8	101	2
90	32	-999	8	82	2
90	35	28	8	81	1
89	37	-999	8	100	1
89	36	25	8	89	2
88	41	-999	8	92	2
87	49	-999	8	115	2
86	42	-999	8	90	1
84	49	-999	8	96	1
82	50	-999	8	84	1
81	35	21	8	95	2
81	69	22	8	77	2
80	41	-999	8	100	2
80	39	-999	8	87	2
79	50	-999	8	74	2
78	48	19	8	64	1
77	44	-999	8	96	2
77	42	-999	8	82	1
75	47	-999	8	103	2
74	40	-999	8	90	2
74	63	-999	8	69	1
73	41	-999	8	78	1
72	42	-999	8	94	2
72	78	27	8	61	2
71	47	-999	8	82	1
68	59	30	8	77	1
63	38	-999	8	62	1
57	61	-999	8	28	1
52	59	15	8	82	2
49	41	22	8	35	2
-999	38	-999	8	113	2
139	36	-999	7	130	1
132	35	-999	7	109	2
116	33	-999	7	105	1
112	38	-999	7	105	1
105	40	-999	7	100	2
102	46	-999	7	110	1
100	44	-999	7	104	1
99	34	-999	7	94	2
98	39	-999	7	83	1
98	55	-999	7	82	1
98	41	-999	7	81	2
96	48	-999	7	107	1
96	51	-999	7	94	1
96	48	-999	7	84	1
95	51	-999	7	96	1
95	50	-999	7	94	1
94	43	-999	7	114	1
93	64	-999	7	108	1
92	47	-999	7	99	2
91	45	-999	7	102	2
91	32	-999	7	93	1
90	37	-999	7	90	1
89	55	-999	7	97	2
89	39	-999	7	86	1
88	60	-999	7	104	1
88	41	20	7	82	2
84	56	-999	7	92	2
80	38	-999	7	109	2
80	44	-999	7	96	1
79	50	-999	7	68	1
76	36	-999	7	74	2
74	42	-999	7	99	2
74	43	24	7	66	1
67	78	-999	7	74	2
67	44	19	7	60	1
63	69	21	7	66	2
59	50	16	7	36	1
50	52	18	7	74	1
45	53	-999	7	86	1
28	46	-999	7	86	1
-999	61	-999	7	-999	2
115	34	-999	6	125	1
109	36	-999	6	166	1
105	-999	-999	6	87	1
100	55	-999	6	88	1
98	54	-999	6	121	2
97	46	-999	6	99	2
95	34	-999	6	115	2
95	41	27	6	85	2
94	38	-999	6	90	1
93	51	-999	6	109	1
93	42	-999	6	106	1
93	56	-999	6	96	2
88	41	-999	6	86	2
86	41	-999	6	121	2
85	43	-999	6	105	1
83	-999	-999	6	64	1
80	42	-999	6	81	1
79	55	-999	6	108	1
79	-999	-999	6	61	1
77	51	-999	6	82	2
76	58	-999	6	87	2
76	46	-999	6	72	1
74	46	-999	6	98	2
70	45	-999	6	79	1
69	45	-999	6	59	1
67	42	-999	6	92	1
66	39	-999	6	98	2
65	37	-999	6	86	1
65	60	-999	6	70	2
65	68	-999	6	57	2
63	44	22	6	52	2
59	32	-999	6	81	1
57	74	-999	6	86	1
55	64	-999	6	64	2
134	41	-999	5	122	2
112	37	-999	5	103	1
95	35	-999	5	98	1
91	44	-999	5	104	1
91	51	-999	5	94	1
87	56	-999	5	75	1
85	52	-999	5	95	2
83	36	-999	5	81	2
72	33	-999	5	88	1
71	36	-999	5	104	1
70	48	-999	5	102	1
68	38	15	5	97	2
49	53	-999	5	45	2
41	49	-999	5	93	1
104	50	-999	4	118	1
99	40	-999	4	107	2
94	47	-999	4	69	2
93	37	29	4	96	1
87	77	-999	4	100	2
85	40	-999	4	78	1
85	33	-999	4	76	1
74	33	-999	4	94	2
52	77	-999	4	47	1
43	70	-999	4	35	1
95	40	-999	3	83	2
80	39	-999	3	82	2
50	46	-999	3	76	1
70	58	-999	2	83	1
46	63	-999	2	66	1
84	56	-999	1	88	1
99	60	-999	0	113	1
80	60	-999	0	112	2
46	54	-999	0	84	1
-999	43	30	-999	-999	1
-999	38	30	-999	-999	2
-999	54	29	-999	-999	2
-999	52	28	-999	-999	2
-999	52	27	-999	-999	1
-999	69	25	-999	-999	2
-999	39	23	-999	-999	1
-999	47	22	-999	-999	2
-999	39	19	-999	-999	2
-999	85	-999	-999	-999	2
-999	77	-999	-999	-999	1
-999	76	-999	-999	-999	2
-999	74	-999	-999	-999	1
-999	73	-999	-999	-999	1
-999	73	-999	-999	-999	2
-999	73	-999	-999	-999	2
-999	67	-999	-999	-999	1
-999	66	-999	-999	-999	2
-999	66	-999	-999	-999	1
-999	65	-999	-999	-999	1
-999	64	-999	-999	-999	1
-999	64	-999	-999	-999	2
-999	62	-999	-999	-999	1
-999	59	-999	-999	-999	2
-999	59	-999	-999	-999	2
-999	59	-999	-999	-999	1
-999	58	-999	-999	-999	2
-999	57	-999	-999	-999	1
-999	57	-999	-999	-999	1
-999	57	-999	-999	-999	1
-999	56	-999	-999	-999	1
-999	56	-999	-999	-999	1
-999	56	-999	-999	-999	2
-999	55	-999	-999	-999	1
-999	55	-999	-999	-999	1
-999	55	-999	-999	-999	2
-999	54	-999	-999	-999	2
-999	54	-999	-999	-999	1
-999	53	-999	-999	-999	2
-999	53	-999	-999	-999	2
-999	52	-999	-999	-999	1
-999	52	-999	-999	-999	2
-999	51	-999	-999	-999	2
-999	51	-999	-999	-999	1
-999	51	-999	-999	-999	2
-999	51	-999	-999	-999	2
-999	51	-999	-999	-999	1
-999	51	-999	-999	-999	1
-999	51	-999	-999	-999	1
-999	51	-999	-999	-999	1
-999	50	-999	-999	-999	2
-999	50	-999	-999	-999	1
-999	50	-999	-999	-999	1
-999	50	-999	-999	-999	1
-999	49	-999	-999	-999	1
-999	49	-999	-999	-999	1
-999	49	-999	-999	-999	1
-999	49	-999	-999	-999	1
-999	49	-999	-999	-999	2
-999	48	-999	-999	-999	1
-999	48	-999	-999	-999	1
-999	48	-999	-999	-999	2
-999	48	-999	-999	-999	1
-999	48	-999	-999	-999	1
-999	48	-999	-999	-999	1
-999	48	-999	-999	-999	1
-999	48	-999	-999	-999	1
-999	48	-999	-999	-999	1
-999	48	-999	-999	-999	2
-999	48	-999	-999	-999	1
-999	47	-999	-999	-999	1
-999	47	-999	-999	-999	2
-999	47	-999	-999	-999	2
-999	47	-999	-999	-999	1
-999	47	-999	-999	-999	1
-999	47	-999	-999	-999	1
-999	46	-999	-999	-999	1
-999	46	-999	-999	-999	2
-999	46	-999	-999	-999	1
-999	46	-999	-999	-999	2
-999	46	-999	-999	-999	1
-999	46	-999	-999	-999	1
-999	45	-999	-999	-999	1
-999	45	-999	-999	-999	2
-999	45	-999	-999	-999	2
-999	45	-999	-999	-999	1
-999	45	-999	-999	-999	1
-999	45	-999	-999	-999	1
-999	45	-999	-999	-999	2
-999	45	-999	-999	-999	2
-999	45	-999	-999	-999	2
-999	45	-999	-999	-999	1
-999	45	-999	-999	-999	2
-999	44	-999	-999	-999	1
-999	44	-999	-999	-999	1
-999	44	-999	-999	-999	1
-999	44	-999	-999	-999	1
-999	44	-999	-999	-999	2
-999	44	-999	-999	-999	2
-999	44	-999	-999	-999	1
-999	44	-999	-999	-999	2
-999	44	-999	-999	-999	1
-999	43	-999	-999	-999	1
-999	43	-999	-999	-999	1
-999	43	-999	-999	-999	1
-999	43	-999	-999	-999	1
-999	43	-999	-999	-999	2
-999	43	-999	-999	-999	2
-999	43	-999	-999	-999	1
-999	43	-999	-999	-999	2
-999	43	-999	-999	-999	1
-999	43	-999	-999	-999	1
-999	43	-999	-999	-999	2
-999	42	-999	-999	-999	1
-999	42	-999	-999	-999	2
-999	42	-999	-999	-999	1
-999	42	-999	-999	-999	1
-999	42	-999	-999	-999	2
-999	42	-999	-999	-999	1
-999	42	-999	-999	-999	1
-999	42	-999	-999	-999	1
-999	42	-999	-999	-999	1
-999	42	-999	-999	-999	1
-999	41	-999	-999	-999	1
-999	41	-999	-999	-999	2
-999	41	-999	-999	-999	2
-999	41	-999	-999	-999	1
-999	41	-999	-999	-999	2
-999	41	-999	-999	-999	1
-999	41	-999	-999	-999	2
-999	41	-999	-999	-999	2
-999	41	-999	-999	-999	1
-999	41	-999	-999	-999	1
-999	41	-999	-999	-999	2
-999	41	-999	-999	-999	1
-999	41	-999	-999	-999	2
-999	41	-999	-999	-999	1
-999	41	-999	-999	-999	2
-999	40	-999	-999	-999	2
-999	40	-999	-999	-999	2
-999	40	-999	-999	-999	1
-999	40	-999	-999	-999	1
-999	40	-999	-999	-999	1
-999	40	-999	-999	-999	1
-999	40	-999	-999	-999	1
-999	40	-999	-999	-999	2
-999	40	-999	-999	-999	1
-999	40	-999	-999	-999	2
-999	39	-999	-999	-999	2
-999	39	-999	-999	-999	1
-999	39	-999	-999	-999	1
-999	39	-999	-999	-999	1
-999	39	-999	-999	-999	2
-999	39	-999	-999	-999	2
-999	39	-999	-999	-999	2
-999	39	-999	-999	-999	2
-999	39	-999	-999	-999	1
-999	39	-999	-999	-999	1
-999	39	-999	-999	-999	2
-999	39	-999	-999	-999	2
-999	38	-999	-999	-999	2
-999	38	-999	-999	-999	2
-999	38	-999	-999	-999	1
-999	38	-999	-999	-999	1
-999	38	-999	-999	-999	1
-999	38	-999	-999	-999	1
-999	38	-999	-999	-999	1
-999	38	-999	-999	-999	2
-999	38	-999	-999	-999	1
-999	38	-999	-999	-999	1
-999	38	-999	-999	-999	2
-999	37	-999	-999	-999	1
-999	37	-999	-999	-999	1
-999	37	-999	-999	-999	2
-999	37	-999	-999	-999	2
-999	37	-999	-999	-999	1
-999	37	-999	-999	-999	2
-999	37	-999	-999	-999	2
-999	37	-999	-999	-999	1
-999	37	-999	-999	-999	2
-999	37	-999	-999	-999	1
-999	37	-999	-999	-999	2
-999	37	-999	-999	-999	2
-999	37	-999	-999	-999	1
-999	37	-999	-999	-999	1
-999	37	-999	-999	-999	2
-999	37	-999	-999	-999	1
-999	37	-999	-999	-999	1
-999	37	-999	-999	-999	2
-999	37	-999	-999	-999	1
-999	36	-999	-999	-999	1
-999	36	-999	-999	-999	1
-999	36	-999	-999	-999	1
-999	36	-999	-999	-999	2
-999	36	-999	-999	-999	2
-999	36	-999	-999	-999	1
-999	36	-999	-999	-999	1
-999	36	-999	-999	-999	1
-999	36	-999	-999	-999	2
-999	36	-999	-999	-999	2
-999	36	-999	-999	-999	1
-999	36	-999	-999	-999	1
-999	36	-999	-999	-999	2
-999	35	-999	-999	-999	2
-999	35	-999	-999	-999	2
-999	35	-999	-999	-999	2
-999	35	-999	-999	-999	2
-999	35	-999	-999	-999	1
-999	35	-999	-999	-999	2
-999	35	-999	-999	-999	2
-999	35	-999	-999	-999	1
-999	35	-999	-999	-999	2
-999	35	-999	-999	-999	2
-999	34	-999	-999	-999	2
-999	34	-999	-999	-999	2
-999	34	-999	-999	-999	1
-999	34	-999	-999	-999	1
-999	34	-999	-999	-999	2
-999	34	-999	-999	-999	1
-999	34	-999	-999	-999	2
-999	34	-999	-999	-999	1
-999	34	-999	-999	-999	1
-999	34	-999	-999	-999	2
-999	34	-999	-999	-999	1
-999	34	-999	-999	-999	1
-999	34	-999	-999	-999	1
-999	34	-999	-999	-999	2
-999	34	-999	-999	-999	2
-999	34	-999	-999	-999	2
-999	34	-999	-999	-999	2
-999	34	-999	-999	-999	2
-999	34	-999	-999	-999	1
-999	34	-999	-999	-999	2
-999	34	-999	-999	-999	1
-999	34	-999	-999	-999	1
-999	34	-999	-999	-999	1
-999	34	-999	-999	-999	1
-999	34	-999	-999	-999	2
-999	34	-999	-999	-999	2
-999	34	-999	-999	-999	1
-999	33	-999	-999	-999	2
-999	33	-999	-999	-999	2
-999	33	-999	-999	-999	2
-999	33	-999	-999	-999	2
-999	33	-999	-999	-999	1
-999	33	-999	-999	-999	2
-999	33	-999	-999	-999	1
-999	33	-999	-999	-999	1
-999	33	-999	-999	-999	2
-999	33	-999	-999	-999	2
-999	32	-999	-999	-999	2
-999	32	-999	-999	-999	1
-999	32	-999	-999	-999	2
-999	32	-999	-999	-999	1
-999	32	-999	-999	-999	1
-999	32	-999	-999	-999	1
-999	-999	-999	-999	-999	1
-999	-999	-999	-999	-999	1
-999	-999	-999	-999	-999	1
-999	-999	-999	-999	-999	1
-999	-999	-999	-999	-999	1
-999	-999	-999	-999	-999	2
-999	-999	-999	-999	-999	2
-999	-999	-999	-999	-999	1
-999	-999	-999	-999	-999	1
-999	-999	-999	-999	-999	1
-999	-999	-999	-999	-999	1
-999	-999	-999	-999	-999	1
-999	-999	-999	-999	-999	2
-999	-999	-999	-999	-999	2
-999	-999	-999	-999	-999	1
-999	-999	-999	-999	-999	1
-999	-999	-999	-999	-999	2
-999	-999	-999	-999	-999	2
-999	-999	-999	-999	-999	1
-999	-999	-999	-999	-999	2
-999	-999	-999	-999	-999	2
-999	-999	-999	-999	-999	2
-999	-999	-999	-999	-999	1
-999	-999	-999	-999	-999	2
-999	-999	-999	-999	-999	1
-999	-999	-999	-999	-999	1
-999	-999	-999	-999	-999	1
-999	-999	-999	-999	-999	2
-999	-999	-999	-999	-999	1
-999	-999	-999	-999	-999	2
-999	-999	-999	-999	-999	1
-999	-999	-999	-999	-999	1
-999	-999	-999	-999	-999	2
-999	-999	-999	-999	-999	2
-999	-999	-999	-999	-999	2
-999	-999	-999	-999	-999	1
-999	-999	-999	-999	-999	2
-999	-999	-999	-999	-999	2
-999	-999	-999	-999	-999	1
-999	-999	-999	-999	-999	2
-999	-999	-999	-999	-999	1
-999	-999	-999	-999	-999	2
-999	-999	-999	-999	-999	1
-999	-999	-999	-999	-999	2
-999	-999	-999	-999	-999	1
-999	-999	-999	-999	-999	2
-999	-999	-999	-999	-999	1
-999	-999	-999	-999	-999	2
-999	-999	-999	-999	-999	2
-999	-999	-999	-999	-999	1
-999	-999	-999	-999	-999	2
-999	-999	-999	-999	-999	2
-999	-999	-999	-999	-999	1
-999	-999	-999	-999	-999	2
-999	-999	-999	-999	-999	1
-999	-999	-999	-999	-999	2
-999	-999	-999	-999	-999	2
-999	-999	-999	-999	-999	2
-999	-999	-999	-999	-999	2
-999	-999	-999	-999	-999	1
-999	-999	-999	-999	-999	1
-999	-999	-999	-999	-999	2
-999	-999	-999	-999	-999	2
-999	-999	-999	-999	-999	2
-999	-999	-999	-999	-999	2
-999	-999	-999	-999	-999	1
-999	-999	-999	-999	-999	1
-999	-999	-999	-999	-999	2
-999	-999	-999	-999	-999	1
-999	-999	-999	-999	-999	2
-999	-999	-999	-999	-999	2
-999	-999	-999	-999	-999	1
-999	-999	-999	-999	-999	2
-999	-999	-999	-999	-999	2
-999	-999	-999	-999	-999	2
-999	-999	-999	-999	-999	2
-999	-999	-999	-999	-999	1
-999	-999	-999	-999	-999	1
-999	-999	-999	-999	-999	1
-999	-999	-999	-999	-999	1
-999	-999	-999	-999	-999	2
-999	-999	-999	-999	-999	2
-999	-999	-999	-999	-999	2
-999	-999	-999	-999	-999	2
-999	-999	-999	-999	-999	1
-999	-999	-999	-999	-999	1
-999	-999	-999	-999	-999	2
-999	-999	-999	-999	-999	2
-999	-999	-999	-999	-999	2
-999	-999	-999	-999	-999	1
-999	-999	-999	-999	-999	1
-999	-999	-999	-999	-999	1
-999	-999	-999	-999	-999	1
-999	-999	-999	-999	-999	2
-999	-999	-999	-999	-999	2
-999	-999	-999	-999	-999	2
-999	-999	-999	-999	-999	2
-999	-999	-999	-999	-999	1
-999	-999	-999	-999	-999	1
-999	-999	-999	-999	-999	1
-999	-999	-999	-999	-999	1
-999	-999	-999	-999	-999	1
-999	-999	-999	-999	-999	1
-999	-999	-999	-999	-999	1
-999	-999	-999	-999	-999	1
-999	-999	-999	-999	-999	2
-999	-999	-999	-999	-999	1
-999	-999	-999	-999	-999	1
-999	-999	-999	-999	-999	2
-999	-999	-999	-999	-999	1
-999	-999	-999	-999	-999	1
-999	-999	-999	-999	-999	2
-999	-999	-999	-999	-999	1
-999	-999	-999	-999	-999	2
-999	-999	-999	-999	-999	1
-999	-999	-999	-999	-999	1
-999	-999	-999	-999	-999	2
-999	-999	-999	-999	-999	1
-999	-999	-999	-999	-999	1
-999	-999	-999	-999	-999	2
-999	-999	-999	-999	-999	1
-999	-999	-999	-999	-999	2
-999	-999	-999	-999	-999	2
-999	-999	-999	-999	-999	1
-999	-999	-999	-999	-999	2
-999	-999	-999	-999	-999	2
-999	-999	-999	-999	-999	2
-999	-999	-999	-999	-999	2
-999	-999	-999	-999	-999	1
-999	-999	-999	-999	-999	2
-999	-999	-999	-999	-999	2
-999	-999	-999	-999	-999	2
-999	-999	-999	-999	-999	1
-999	-999	-999	-999	-999	1
-999	-999	-999	-999	-999	2
-999	-999	-999	-999	-999	2
-999	-999	-999	-999	-999	2
-999	-999	-999	-999	-999	2
-999	-999	-999	-999	-999	2
-999	-999	-999	-999	-999	2
-999	-999	-999	-999	-999	2
-999	-999	-999	-999	-999	2
-999	-999	-999	-999	-999	2
-999	-999	-999	-999	-999	1
-999	-999	-999	-999	-999	1
-999	-999	-999	-999	-999	2
-999	-999	-999	-999	-999	2
-999	-999	-999	-999	-999	2
-999	-999	-999	-999	-999	1
-999	-999	-999	-999	-999	1
-999	-999	-999	-999	-999	2
-999	-999	-999	-999	-999	1
-999	-999	-999	-999	-999	1
-999	-999	-999	-999	-999	2
-999	-999	-999	-999	-999	1
-999	-999	-999	-999	-999	1
-999	-999	-999	-999	-999	2
-999	-999	-999	-999	-999	1
-999	-999	-999	-999	-999	1
-999	-999	-999	-999	-999	1
-999	-999	-999	-999	-999	1
-999	-999	-999	-999	-999	1
-999	-999	-999	-999	-999	1
-999	-999	-999	-999	-999	2
-999	-999	-999	-999	-999	1
-999	-999	-999	-999	-999	1
-999	-999	-999	-999	-999	2
-999	-999	-999	-999	-999	2
-999	-999	-999	-999	-999	2
-999	-999	-999	-999	-999	1
-999	-999	-999	-999	-999	1
-999	-999	-999	-999	-999	2
-999	-999	-999	-999	-999	2
-999	-999	-999	-999	-999	1
-999	-999	-999	-999	-999	1
-999	-999	-999	-999	-999	1
-999	-999	-999	-999	-999	1
-999	-999	-999	-999	-999	2
-999	-999	-999	-999	-999	1
-999	-999	-999	-999	-999	1
-999	-999	-999	-999	-999	1
-999	-999	-999	-999	-999	2
-999	-999	-999	-999	-999	2
-999	-999	-999	-999	-999	2
-999	-999	-999	-999	-999	2
-999	-999	-999	-999	-999	2
-999	-999	-999	-999	-999	2
-999	-999	-999	-999	-999	1
-999	-999	-999	-999	-999	1
-999	-999	-999	-999	-999	2
-999	-999	-999	-999	-999	2
-999	-999	-999	-999	-999	1
-999	-999	-999	-999	-999	2
-999	-999	-999	-999	-999	1
-999	-999	-999	-999	-999	2
-999	-999	-999	-999	-999	1
-999	-999	-999	-999	-999	2
-999	-999	-999	-999	-999	1
-999	-999	-999	-999	-999	2
-999	-999	-999	-999	-999	2
-999	-999	-999	-999	-999	1
-999	-999	-999	-999	-999	2
-999	-999	-999	-999	-999	1
-999	-999	-999	-999	-999	2
-999	-999	-999	-999	-999	1
-999	-999	-999	-999	-999	1
-999	-999	-999	-999	-999	2
-999	-999	-999	-999	-999	1
-999	-999	-999	-999	-999	2
-999	-999	-999	-999	-999	2
-999	-999	-999	-999	-999	1
-999	-999	-999	-999	-999	1
-999	-999	-999	-999	-999	1
-999	-999	-999	-999	-999	2
-999	-999	-999	-999	-999	2
-999	-999	-999	-999	-999	1
-999	-999	-999	-999	-999	1
-999	-999	-999	-999	-999	1
-999	-999	-999	-999	-999	2
-999	-999	-999	-999	-999	1
-999	-999	-999	-999	-999	1
-999	-999	-999	-999	-999	2
-999	-999	-999	-999	-999	1
-999	-999	-999	-999	-999	2
-999	-999	-999	-999	-999	2
-999	-999	-999	-999	-999	2
-999	-999	-999	-999	-999	1
-999	-999	-999	-999	-999	1
-999	-999	-999	-999	-999	2
-999	-999	-999	-999	-999	1
-999	-999	-999	-999	-999	2
-999	-999	-999	-999	-999	2
-999	-999	-999	-999	-999	2
-999	-999	-999	-999	-999	2
-999	-999	-999	-999	-999	1
-999	-999	-999	-999	-999	1
-999	-999	-999	-999	-999	1
-999	-999	-999	-999	-999	1
-999	-999	-999	-999	-999	1
-999	-999	-999	-999	-999	1
-999	-999	-999	-999	-999	1
-999	-999	-999	-999	-999	1
-999	-999	-999	-999	-999	1
-999	-999	-999	-999	-999	2
-999	-999	-999	-999	-999	1
-999	-999	-999	-999	-999	1
-999	-999	-999	-999	-999	1
-999	-999	-999	-999	-999	1
-999	-999	-999	-999	-999	1
-999	-999	-999	-999	-999	2
-999	-999	-999	-999	-999	1
-999	-999	-999	-999	-999	2
-999	-999	-999	-999	-999	1
-999	-999	-999	-999	-999	2
-999	-999	-999	-999	-999	1
-999	-999	-999	-999	-999	2
-999	-999	-999	-999	-999	1
-999	-999	-999	-999	-999	2
-999	-999	-999	-999	-999	1
-999	-999	-999	-999	-999	1
-999	-999	-999	-999	-999	2
-999	-999	-999	-999	-999	1
-999	-999	-999	-999	-999	1
-999	-999	-999	-999	-999	1
-999	-999	-999	-999	-999	1
-999	-999	-999	-999	-999	2
-999	-999	-999	-999	-999	2
-999	-999	-999	-999	-999	2
-999	-999	-999	-999	-999	2
-999	-999	-999	-999	-999	1
-999	-999	-999	-999	-999	1
-999	-999	-999	-999	-999	2
-999	-999	-999	-999	-999	1
-999	-999	-999	-999	-999	1
-999	-999	-999	-999	-999	1
-999	-999	-999	-999	-999	2
-999	-999	-999	-999	-999	2
-999	-999	-999	-999	-999	1
-999	-999	-999	-999	-999	2
-999	-999	-999	-999	-999	2
-999	-999	-999	-999	-999	1
-999	-999	-999	-999	-999	2
-999	-999	-999	-999	-999	1
-999	-999	-999	-999	-999	1
-999	-999	-999	-999	-999	1
-999	-999	-999	-999	-999	2
-999	-999	-999	-999	-999	1
-999	-999	-999	-999	-999	1
-999	-999	-999	-999	-999	1
-999	-999	-999	-999	-999	2
-999	-999	-999	-999	-999	1
-999	-999	-999	-999	-999	2
-999	-999	-999	-999	-999	1
-999	-999	-999	-999	-999	2
-999	-999	-999	-999	-999	2
-999	-999	-999	-999	-999	1
-999	-999	-999	-999	-999	2
-999	-999	-999	-999	-999	2
-999	-999	-999	-999	-999	1
-999	-999	-999	-999	-999	1
-999	-999	-999	-999	-999	2
-999	-999	-999	-999	-999	1
-999	-999	-999	-999	-999	2
-999	-999	-999	-999	-999	1
-999	-999	-999	-999	-999	1
-999	-999	-999	-999	-999	2
-999	-999	-999	-999	-999	1
-999	-999	-999	-999	-999	1
-999	-999	-999	-999	-999	1
-999	-999	-999	-999	-999	1
-999	-999	-999	-999	-999	2
-999	-999	-999	-999	-999	1
-999	-999	-999	-999	-999	1
-999	-999	-999	-999	-999	2
-999	-999	-999	-999	-999	2
-999	-999	-999	-999	-999	1
-999	-999	-999	-999	-999	1
-999	-999	-999	-999	-999	2
-999	-999	-999	-999	-999	1
-999	-999	-999	-999	-999	2
-999	-999	-999	-999	-999	1
-999	-999	-999	-999	-999	1
-999	-999	-999	-999	-999	1
-999	-999	-999	-999	-999	2
-999	-999	-999	-999	-999	2
-999	-999	-999	-999	-999	1
-999	-999	-999	-999	-999	1
-999	-999	-999	-999	-999	1
-999	-999	-999	-999	-999	2
-999	-999	-999	-999	-999	1
-999	-999	-999	-999	-999	1
-999	-999	-999	-999	-999	1
-999	-999	-999	-999	-999	2
-999	-999	-999	-999	-999	2
-999	-999	-999	-999	-999	2
-999	-999	-999	-999	-999	2
-999	-999	-999	-999	-999	2
-999	-999	-999	-999	-999	2
-999	-999	-999	-999	-999	2
-999	-999	-999	-999	-999	2
-999	-999	-999	-999	-999	1
-999	-999	-999	-999	-999	1
-999	-999	-999	-999	-999	1
-999	-999	-999	-999	-999	1
-999	-999	-999	-999	-999	1
-999	-999	-999	-999	-999	1
-999	-999	-999	-999	-999	2
-999	-999	-999	-999	-999	1
-999	-999	-999	-999	-999	2
-999	-999	-999	-999	-999	2
-999	-999	-999	-999	-999	1
-999	-999	-999	-999	-999	1
-999	-999	-999	-999	-999	1
-999	-999	-999	-999	-999	1
-999	-999	-999	-999	-999	1
-999	-999	-999	-999	-999	1
-999	-999	-999	-999	-999	2
-999	-999	-999	-999	-999	2
-999	-999	-999	-999	-999	2
-999	-999	-999	-999	-999	2
-999	-999	-999	-999	-999	1
-999	-999	-999	-999	-999	1
-999	-999	-999	-999	-999	2
-999	-999	-999	-999	-999	2
-999	-999	-999	-999	-999	2
-999	-999	-999	-999	-999	1
-999	-999	-999	-999	-999	1
-999	-999	-999	-999	-999	1
-999	-999	-999	-999	-999	1
-999	-999	-999	-999	-999	2
-999	-999	-999	-999	-999	2
-999	-999	-999	-999	-999	1
-999	-999	-999	-999	-999	1
-999	-999	-999	-999	-999	1
-999	-999	-999	-999	-999	1
-999	-999	-999	-999	-999	2
-999	-999	-999	-999	-999	2
-999	-999	-999	-999	-999	2
-999	-999	-999	-999	-999	1
-999	-999	-999	-999	-999	2
-999	-999	-999	-999	-999	1
-999	-999	-999	-999	-999	2
-999	-999	-999	-999	-999	1
-999	-999	-999	-999	-999	2
-999	-999	-999	-999	-999	1
-999	-999	-999	-999	-999	1
-999	-999	-999	-999	-999	2
-999	-999	-999	-999	-999	2
-999	-999	-999	-999	-999	1
-999	-999	-999	-999	-999	2
-999	-999	-999	-999	-999	2
-999	-999	-999	-999	-999	2
-999	-999	-999	-999	-999	2
-999	-999	-999	-999	-999	1
-999	-999	-999	-999	-999	1
-999	-999	-999	-999	-999	1
-999	-999	-999	-999	-999	2
-999	-999	-999	-999	-999	2
-999	-999	-999	-999	-999	2
-999	-999	-999	-999	-999	2
-999	-999	-999	-999	-999	2
-999	-999	-999	-999	-999	2
-999	-999	-999	-999	-999	1
-999	-999	-999	-999	-999	1
-999	-999	-999	-999	-999	2
-999	-999	-999	-999	-999	1
-999	-999	-999	-999	-999	2
-999	-999	-999	-999	-999	2
-999	-999	-999	-999	-999	2
-999	-999	-999	-999	-999	2
-999	-999	-999	-999	-999	2
-999	-999	-999	-999	-999	1
-999	-999	-999	-999	-999	2
-999	-999	-999	-999	-999	2
-999	-999	-999	-999	-999	1
-999	-999	-999	-999	-999	2
-999	-999	-999	-999	-999	2
-999	-999	-999	-999	-999	2
-999	-999	-999	-999	-999	2
-999	-999	-999	-999	-999	2
-999	-999	-999	-999	-999	1
-999	-999	-999	-999	-999	2
-999	-999	-999	-999	-999	1
-999	-999	-999	-999	-999	2
-999	-999	-999	-999	-999	1
-999	-999	-999	-999	-999	1
-999	-999	-999	-999	-999	2
-999	-999	-999	-999	-999	2
-999	-999	-999	-999	-999	1
-999	-999	-999	-999	-999	1
-999	-999	-999	-999	-999	2
-999	-999	-999	-999	-999	2
-999	-999	-999	-999	-999	1
-999	-999	-999	-999	-999	2
-999	-999	-999	-999	-999	1
-999	-999	-999	-999	-999	2
-999	-999	-999	-999	-999	2
-999	-999	-999	-999	-999	1
-999	-999	-999	-999	-999	2
-999	-999	-999	-999	-999	1
-999	-999	-999	-999	-999	1
-999	-999	-999	-999	-999	1
-999	-999	-999	-999	-999	2
-999	-999	-999	-999	-999	2
-999	-999	-999	-999	-999	2
-999	-999	-999	-999	-999	2
-999	-999	-999	-999	-999	1
-999	-999	-999	-999	-999	2
-999	-999	-999	-999	-999	1
-999	-999	-999	-999	-999	2
-999	-999	-999	-999	-999	2
-999	-999	-999	-999	-999	2
-999	-999	-999	-999	-999	1
